1790667796 800
1790667797 800
1790667798 800
1790667799 800
1790667800 800
1790667801 800
1790667802 1350
1790667803 1343
1790667804 1350
1790667805 1350
1790667806 1337
1790667807 1325
1790667808 1350
1790667809 1350
1790667810 1337
1790667811 1350
1790667812 1331
1790667813 1350
1790667814 1350
1790667815 1350
1790667816 800
1790667817 800
1790667818 800
1790667819 800
1790667820 800
1790667821 1350
1790667822 1350
1790667823 1350
1790667824 1350
1790667825 1350
1790667826 1343
1790667827 1300
1790667828 1325
1790667829 1343
1790667830 1350
1790667831 1350
1790667832 1350
1790667833 1325
1790667834 1325
1790667835 1350
1790667836 1350
1790667837 1350
1790667838 1350
1790667839 1350
1790667840 1331
1790667841 1350
1790667842 1350
1790667843 1350
1790667844 800
1790667845 800
