800 800 9.51
800 800 9.51
800 800 9.51
800 800 9.51
800 800 9.51
800 800 9.15
1350 800 9.15
1350 800 9.15
1350 800 9.15
1350 800 9.15
1350 800 10.02
1350 800 10.02
1350 800 10.02
1350 800 10.02
1350 800 10.02
1350 800 10.34
1350 800 10.34
1350 800 10.34
1350 800 10.34
1350 800 10.34
1350 800 10.47
1350 800 10.47
1350 800 10.47
1350 800 10.47
1350 800 10.47
1350 800 10.43
1350 800 10.43
1350 800 10.43
1343 800 10.43
1350 800 10.43
1350 800 10.00
1350 800 10.00
1312 800 10.00
1343 800 10.00
1350 800 10.00
1350 800 10.24
1350 800 10.24
1350 800 10.24
1350 800 10.24
1350 800 10.24
1350 800 9.90
1343 800 9.90
1350 800 9.90
1350 800 9.90
1350 800 9.90
1350 800 9.51
1350 800 9.51
1343 800 9.51
1325 800 9.51
1350 800 9.51
1343 800 10.27
1350 800 10.27
1350 800 10.27
1350 800 10.27
1325 800 10.27
1350 800 10.25
1343 800 10.25
1350 800 10.25
1350 800 10.25
1337 800 10.25
1350 800 10.47
1350 800 10.47
1350 800 10.47
1318 800 10.47
1350 800 10.47
1350 800 10.11
1318 800 10.11
1350 800 10.11
1343 800 10.11
1350 800 10.11
1350 800 11.30
1350 800 11.30
1350 800 11.30
1350 800 11.30
1350 800 11.30
1350 800 11.20
1350 800 11.20
1350 800 11.20
1350 800 11.20
1350 800 11.20
1350 800 11.10
1350 800 11.10
1350 800 11.10
1343 800 11.10
1350 800 11.10
1350 800 11.25
1350 800 11.25
1350 800 11.25
1350 800 11.25
1350 800 11.15
1337 800 11.15
1350 800 11.15
1350 800 11.15
1350 800 11.15
1350 800 11.70
1350 800 11.70
1350 800 11.70
1350 800 11.70
1350 800 11.70
1350 800 12.77
1350 800 12.77
1350 800 12.77
1343 800 12.77
1350 800 12.77
1350 800 13.83
1350 800 13.83
1350 800 13.83
1350 800 13.83
1350 800 13.83
1350 800 13.12
1350 800 13.12
1350 800 13.12
1350 800 13.12
1350 800 13.12
1350 800 12.47
1350 800 12.47
1350 800 12.47
1350 800 12.47
1350 800 12.47
1350 800 12.43
1350 800 12.43
1350 800 12.43
1350 800 12.43
1350 800 12.43
1350 800 11.68
1350 800 11.68
1350 800 11.68
1350 800 11.68
800 800 11.68
800 800 11.62
800 800 11.62
800 800 11.62
