800 800 11.43
800 800 11.43
800 800 11.43
800 800 11.00
800 800 11.00
800 800 11.00
1350 800 11.00
1350 800 11.00
1350 800 12.20
1350 800 12.20
1350 800 12.20
1350 800 12.20
1350 800 12.20
1350 800 11.86
1350 800 11.86
1350 800 11.86
1350 800 11.86
1350 800 11.86
1350 800 12.99
1350 800 12.99
1350 800 12.99
1350 800 12.99
1350 800 12.99
1350 800 12.75
1350 800 12.75
1350 800 12.75
1312 800 12.75
1343 800 12.75
1350 800 12.13
1350 800 12.13
1350 800 12.13
1350 800 12.13
1350 800 12.13
1350 800 11.56
1350 800 11.56
1318 800 11.56
1350 800 11.56
1350 800 11.56
1350 800 11.04
1350 800 11.04
1343 800 11.04
1350 800 11.04
1350 800 11.04
1350 800 11.27
1350 800 11.27
1350 800 11.27
1350 800 11.27
1312 800 11.27
1350 800 12.13
1350 800 12.13
1343 800 12.13
1350 800 12.13
1350 800 12.13
1350 800 12.04
1350 800 12.04
1350 800 12.04
1350 800 12.04
1350 800 12.04
1350 800 11.88
1350 800 11.88
1350 800 11.88
1350 800 11.88
1350 800 11.88
1350 800 11.97
1350 800 11.97
1350 800 11.97
1350 800 11.97
1350 800 11.97
1350 800 11.41
1350 800 11.41
1350 800 11.41
1350 800 11.41
1350 800 11.30
1350 800 11.30
1343 800 11.30
1350 800 11.30
1350 800 11.30
1350 800 11.43
1350 800 11.43
1350 800 11.43
1318 800 11.43
1350 800 11.43
1350 800 11.88
1350 800 11.88
1350 800 11.88
1350 800 11.88
1350 800 11.88
1337 800 11.81
1350 800 11.81
1350 800 11.81
1350 800 11.81
1343 800 11.81
1350 800 11.66
1325 800 11.66
1350 800 11.66
1350 800 11.66
1350 800 11.66
1350 800 10.97
1343 800 10.97
1350 800 10.97
1325 800 10.97
1350 800 10.97
1350 800 11.77
1350 800 11.77
1350 800 11.77
1343 800 11.77
1350 800 11.77
1350 800 12.51
1350 800 12.51
1350 800 12.51
1350 800 12.51
1350 800 12.51
1350 800 12.87
1350 800 12.87
1350 800 12.87
1350 800 12.87
1350 800 12.87
1350 800 13.20
1350 800 13.20
1350 800 13.20
1350 800 13.20
1350 800 13.20
1350 800 13.03
1350 800 13.03
1350 800 13.03
1350 800 13.03
1350 800 13.03
800 800 12.46
800 800 12.46
800 800 12.46
