800 800 11.62
800 800 11.62
800 800 11.62
800 800 11.09
800 800 11.09
800 800 11.09
800 800 11.09
800 800 11.09
1350 800 11.00
1350 800 11.00
1350 800 11.00
1350 800 11.00
1350 800 11.00
1350 800 10.92
1350 800 10.92
1350 800 10.92
1350 800 10.92
1350 800 10.92
1350 800 11.57
1350 800 11.57
1350 800 11.57
1350 800 11.57
1350 800 11.57
1350 800 11.20
1343 800 11.20
1350 800 11.20
1343 800 11.20
1350 800 11.20
1350 800 11.43
1343 800 11.43
1350 800 11.43
1350 800 11.43
1350 800 11.43
1350 800 12.35
1343 800 12.35
1343 800 12.35
1331 800 12.35
1343 800 12.35
1350 800 11.77
1350 800 11.77
1337 800 11.77
1337 800 11.77
1337 800 11.77
1350 800 11.14
1331 800 11.14
1350 800 11.14
1331 800 11.14
1331 800 11.14
1337 800 11.05
1331 800 11.05
1331 800 11.05
1343 800 11.05
1350 800 11.05
1350 800 11.45
1350 800 11.45
1350 800 11.45
1350 800 11.45
1350 800 11.45
1350 800 11.17
1350 800 11.17
1350 800 11.17
1350 800 11.17
1350 800 11.17
1350 800 12.44
1350 800 12.44
1350 800 12.44
1350 800 12.44
1350 800 12.44
1350 800 11.60
1350 800 11.60
1350 800 11.60
1350 800 11.60
1350 800 11.60
1350 800 11.55
1350 800 11.55
1350 800 11.55
1350 800 11.55
800 800 11.55
800 800 11.43
800 800 11.43
