800 800 12.46
800 800 12.46
800 800 12.27
800 800 12.27
800 800 12.27
800 800 12.27
1350 800 12.27
1350 800 12.08
1350 800 12.08
1350 800 12.08
1350 800 12.08
1350 800 12.08
1350 800 12.24
1350 800 12.24
1350 800 12.24
1350 800 12.24
1350 800 12.24
1350 800 12.94
1350 800 12.94
1350 800 12.94
1350 800 12.94
1350 800 12.94
1350 800 12.94
1350 800 12.94
1350 800 12.94
1350 800 12.94
1350 800 12.94
1306 800 12.47
1300 800 12.47
1306 800 12.47
1306 800 12.47
1306 800 12.47
1350 800 13.15
1350 800 13.15
1306 800 13.15
1312 800 13.15
1350 800 13.15
1325 800 12.74
1325 800 12.74
1318 800 12.74
1350 800 12.74
1306 800 12.74
1306 800 12.04
1325 800 12.04
1325 800 12.04
1325 800 12.04
1350 800 12.04
1350 800 11.48
1325 800 11.48
1350 800 11.48
1325 800 11.48
1325 800 11.48
1325 800 11.20
1350 800 11.20
1350 800 11.20
1337 800 11.20
1350 800 11.20
1350 800 12.46
1350 800 12.46
1343 800 12.46
1350 800 12.46
1350 800 12.46
1350 800 14.03
1350 800 14.03
1350 800 14.03
1350 800 14.03
1350 800 14.03
1350 800 13.79
1350 800 13.79
1350 800 13.79
1350 800 13.79
1350 800 13.79
1350 800 12.92
1350 800 12.92
1350 800 12.92
1350 800 12.92
1350 800 12.92
1350 800 12.61
800 800 12.61
800 800 12.61
