1790667531 800
1790667532 800
1790667533 800
1790667534 800
1790667535 800
1790667536 800
1790667537 800
1790667538 1350
1790667539 1350
1790667540 1350
1790667541 1350
1790667542 1350
1790667543 1343
1790667544 1337
1790667545 1350
1790667546 1350
1790667547 1343
1790667548 1337
1790667549 1350
1790667550 1350
1790667551 1350
1790667552 1350
1790667553 800
1790667554 800
1790667555 800
1790667556 800
1790667557 800
1790667558 800
1790667559 1350
1790667560 1350
1790667561 1350
1790667562 1350
1790667563 1350
1790667564 1343
1790667565 1350
1790667566 1350
1790667567 1300
1790667568 1325
1790667569 1350
1790667570 1350
1790667571 1350
1790667572 1350
1790667573 1350
1790667574 1350
1790667575 1325
1790667576 1350
1790667577 1350
1790667578 1350
1790667579 1350
1790667580 1350
1790667581 1350
1790667582 1350
1790667583 1350
1790667584 800
1790667585 800
