1790668896 800
1790668897 800
1790668898 800
1790668899 800
1790668900 800
1790668901 1350
1790668902 1350
1790668903 1350
1790668904 1350
1790668905 1350
1790668906 1350
1790668907 1350
1790668908 1337
1790668909 1350
1790668910 1350
1790668911 1337
1790668912 1350
1790668913 1350
1790668914 1350
1790668915 1350
1790668916 1350
1790668917 1350
1790668918 1350
1790668919 1350
1790668920 1337
1790668921 1350
1790668922 1350
1790668923 1350
1790668924 1350
1790668925 800
1790668926 800
1790668927 800
1790668928 800
1790668929 800
1790668930 800
1790668931 800
1790668932 1350
1790668933 1350
1790668934 1350
1790668935 1350
1790668937 1350
1790668938 1350
1790668939 1350
1790668940 1350
1790668941 1350
1790668942 1350
1790668943 1350
1790668944 1350
1790668945 1350
1790668946 1350
1790668947 1350
1790668948 1350
1790668949 1331
1790668950 1343
1790668951 1343
1790668952 1343
1790668953 1350
1790668954 1350
1790668955 1350
1790668956 1350
1790668957 1350
1790668958 1350
1790668959 1350
1790668960 1337
1790668961 1350
1790668962 1350
1790668963 1350
1790668964 1350
1790668965 1350
1790668966 1337
1790668967 1337
1790668968 1350
1790668969 1350
1790668970 1350
1790668971 800
1790668972 800
1790668973 800
