2026-09-14T04:36:17+00:00 14.99 12.61 14.82
2026-09-14T04:36:32+00:00 16.04 12.96 14.90
2026-09-14T04:36:47+00:00 18.09 13.54 15.05
2026-09-14T04:37:02+00:00 18.77 13.91 15.15
2026-09-14T04:37:17+00:00 18.21 14.01 15.16
2026-09-14T04:37:32+00:00 15.82 13.69 15.04
2026-09-14T04:37:47+00:00 13.68 13.32 14.90
2026-09-14T04:38:02+00:00 12.09 12.98 14.76
2026-09-14T04:38:17+00:00 10.30 12.54 14.59
2026-09-14T04:38:32+00:00 10.01 12.37 14.50
2026-09-14T04:38:47+00:00 8.68 11.96 14.33
2026-09-14T04:39:02+00:00 8.20 11.68 14.20
2026-09-14T04:39:17+00:00 7.27 11.31 14.04
2026-09-14T04:39:32+00:00 6.55 10.95 13.87
2026-09-14T04:39:47+00:00 5.98 10.61 13.71
2026-09-14T04:40:02+00:00 5.95 10.38 13.59
2026-09-14T04:40:17+00:00 5.60 10.08 13.44
2026-09-14T04:40:32+00:00 5.76 9.90 13.33
2026-09-14T04:40:47+00:00 5.37 9.61 13.18
2026-09-14T04:41:02+00:00 6.71 9.71 13.15
2026-09-14T04:41:17+00:00 11.33 10.59 13.38
2026-09-14T04:41:32+00:00 11.34 10.64 13.36
2026-09-14T04:41:47+00:00 12.34 10.90 13.40
2026-09-14T04:42:02+00:00 11.51 10.80 13.33
2026-09-14T04:42:17+00:00 11.52 10.85 13.31
2026-09-14T04:42:32+00:00 13.20 11.27 13.40
2026-09-14T04:42:47+00:00 12.66 11.24 13.36
2026-09-14T04:43:02+00:00 13.33 11.46 13.40
2026-09-14T04:43:17+00:00 12.81 11.43 13.36
2026-09-14T04:43:32+00:00 12.93 11.53 13.36
2026-09-14T04:43:47+00:00 12.58 11.52 13.32
2026-09-14T04:44:02+00:00 12.31 11.51 13.29
2026-09-14T04:44:17+00:00 12.53 11.60 13.29
2026-09-14T04:44:33+00:00 12.35 11.61 13.27
2026-09-14T04:44:48+00:00 11.61 11.49 13.20
2026-09-14T04:45:03+00:00 12.06 11.59 13.21
2026-09-14T04:45:18+00:00 12.00 11.61 13.19
2026-09-14T04:45:33+00:00 12.30 11.69 13.19
2026-09-14T04:45:48+00:00 12.48 11.77 13.19
2026-09-14T04:46:03+00:00 11.83 11.67 13.13
2026-09-14T04:46:18+00:00 12.82 11.87 13.17
2026-09-14T04:46:33+00:00 13.09 11.99 13.19
2026-09-14T04:46:48+00:00 14.29 12.31 13.28
2026-09-14T04:47:03+00:00 14.44 12.44 13.31
