 rnd arm      wall     dev     fwd     bwd  clkmed  clkmin  load1  served  declin  spill
   1 off    19.070   7.682   2.638   5.044    1350     800    8.4       0       0      0
   2 off    10.414   8.228   3.696   4.531    1350    1337    7.7       0       0      0
   3 off     8.808   6.613   2.097   4.517    1350    1325    8.1       0       0      0
   4 off    10.325   8.199   3.268   4.931    1350    1325    7.8       0       0      0
   5 off     8.745   6.656   2.099   4.557    1350    1350    7.8       0       0      0
   6 off     8.803   6.638   2.091   4.547    1350    1325    7.7       0       0      0
   7 off     9.808   7.631   3.107   4.525    1350    1350    7.5       0       0      0
   8 off     8.721   6.575   2.058   4.517    1350    1318    7.4       0       0      0
   9 off     8.840   6.623   2.092   4.531    1350    1318    8.4       0       0      0
 101 off    29.280  13.285   5.572   7.713    1350     800   11.4       0       0      0
 102 off    10.467   8.252   3.718   4.534    1350    1343   10.0       0       0      0
 103 off     8.722   6.567   2.054   4.513    1350    1318    9.5       0       0      0
 104 off    10.081   7.855   3.315   4.540    1350    1337    9.1       0       0      0
 105 off     9.879   7.191   2.063   5.128    1350    1337    9.2       0       0      0
 106 off     9.166   6.617   2.078   4.539    1350    1318    9.8       0       0      0
 107 off     9.987   7.785   3.200   4.584    1350    1325    9.4       0       0      0
 108 off     8.723   6.564   2.027   4.537    1350    1343    9.2       0       0      0
 109 off     8.987   6.673   2.115   4.558    1350    1343    8.8       0       0      0
 201 off    18.962   7.662   2.612   5.050    1350     800    7.3       0       0      0
 202 off    10.466   8.159   3.584   4.576    1350    1325    7.2       0       0      0
 203 off     8.827   6.659   2.094   4.565    1350    1337    7.2       0       0      0
 204 off    10.158   8.003   3.101   4.902    1350    1325    7.7       0       0      0
 205 off     8.503   6.583   2.029   4.554    1350    1343    7.8       0       0      0
 206 off     8.898   6.612   2.075   4.536    1350    1331    7.9       0       0      0
 207 off    10.072   7.769   3.227   4.542    1350    1343    7.2       0       0      0
 208 off     8.844   6.594   2.070   4.524    1350    1318    8.7       0       0      0
 209 off     8.778   6.580   2.057   4.524    1350    1325    8.8       0       0      0
 301 off    18.699   7.651   2.609   5.042    1350     800    7.1       0       0      0
 302 off    10.163   8.126   3.602   4.524    1350    1350    6.9       0       0      0
 303 off     8.895   6.654   2.109   4.545    1350    1331    6.8       0       0      0
 304 off    10.407   8.157   3.235   4.922    1350    1325    6.9       0       0      0
 305 off     8.811   6.579   2.056   4.522    1350    1343    6.9       0       0      0
 306 off     8.729   6.556   2.024   4.532    1350    1343    7.5       0       0      0
 307 off     9.874   7.641   3.121   4.520    1350    1343    7.0       0       0      0
 308 off     8.755   6.587   2.071   4.516    1350    1337    7.4       0       0      0
 309 off     8.856   6.579   2.053   4.526    1350    1325    7.3       0       0      0
 401 on     18.488   7.273   2.690   4.582    1350     800    6.7    1386       0      0
 402 on      9.939   7.767   3.693   4.074    1350    1337    6.7    1386       0      0
 403 on      8.411   6.076   2.020   4.057    1350    1350    6.5    1386       0      0
 404 on      9.790   7.636   3.200   4.436    1350    1318    7.1    1386       0      0
 405 on      8.448   6.185   2.121   4.065    1350    1325    7.3    1386       0      0
 406 on      8.258   6.079   2.029   4.050    1350    1306    7.0    1386       0      0
 407 on      9.438   7.230   3.170   4.060    1350    1312    7.2    1386       0      0
 408 on      8.418   6.153   2.076   4.077    1350    1343    7.6    1386       0      0
 409 on      8.318   6.133   2.067   4.066    1350    1337    8.3    1386       0      0
 501 on     18.558   7.246   2.656   4.590    1350     800    8.2    1386       0      0
 502 on     10.127   7.771   3.684   4.086    1350    1325    8.3    1386       0      0
 503 on      8.221   6.095   2.031   4.063    1350    1306    7.8    1386       0      0
 504 on      9.834   7.474   3.038   4.437    1350    1337    7.5    1386       0      0
 505 on      8.378   6.091   2.031   4.060    1350    1337    7.1    1386       0      0
 506 on      8.375   6.096   2.047   4.049    1350    1337    8.1    1386       0      0
 507 on      9.498   7.204   3.158   4.046    1350    1306    7.5    1386       0      0
 508 on      8.356   6.125   2.058   4.067    1350    1337    7.4    1386       0      0
 509 on      8.322   6.077   2.037   4.040    1350    1343    6.9    1386       0      0
 601 on     18.578   7.174   2.589   4.585    1350     800    8.8    1386       0      0
 602 on     10.200   7.828   3.760   4.068    1350    1350    8.5    1386       0      0
 603 on      8.387   6.136   2.065   4.071    1350    1325    7.9    1386       0      0
 604 on      9.958   7.628   3.206   4.422    1350    1343    7.5    1386       0      0
 605 on      8.302   6.150   2.061   4.089    1350    1337    7.5    1386       0      0
 606 on      8.259   6.127   2.069   4.058    1350    1318    7.2    1386       0      0
 607 on      9.258   7.139   3.088   4.051    1350    1306    6.9    1386       0      0
 608 on      8.249   6.128   2.064   4.064    1350    1325    6.6    1386       0      0
 609 on      8.556   6.090   2.047   4.044    1350    1337    7.2    1386       0      0
 701 on     18.469   7.191   2.630   4.560    1350     800    8.5    1386       0      0
 702 on      9.939   7.778   3.675   4.103    1350    1350    8.6    1386       0      0
 703 on      8.515   6.173   2.071   4.102    1350    1343    8.9    1386       0      0
 704 on      9.857   7.641   3.204   4.437    1350    1343    8.5    1386       0      0
 705 on      8.332   6.188   2.092   4.096    1350    1343    8.8    1386       0      0
 706 on      8.340   6.146   2.058   4.088    1350    1337    8.9    1386       0      0
 707 on      9.460   7.258   3.189   4.070    1350    1337    8.0    1386       0      0
 708 on      8.233   6.132   2.079   4.052    1350    1331    7.9    1386       0      0
 709 on      8.304   6.156   2.047   4.109    1350    1337    7.4    1386       0      0

on-arm reach per warm round: served min 1386 med 1386.0 max 1386; declined med 0.0; allocator spills total 0

warm medians, the first round of every PROCESS dropped as its compile round
arm    n     wall      dev      fwd      bwd  dev min  dev max
off   32    8.896    6.655    2.095    4.537    6.556    8.252
on    32    8.415    6.154    2.074    4.067    6.076    7.828

against off:
  off  dev 1.0000x  fwd 1.0000x  bwd 1.0000x  wall 1.0000x
  on   dev 1.0814x  fwd 1.0101x  bwd 1.1156x  wall 1.0572x

  off dev range [6.556, 8.252]  on dev range [6.076, 7.828]  overlap: YES
  paired by rank, on is faster on 32 of 32

position-paired device seconds (off vs on, mean over processes):
 pos       off        on    delta    ratio
   2     8.191     7.786    0.405   1.0520x
   3     6.623     6.120    0.503   1.0822x
   4     8.053     7.595    0.459   1.0604x
   5     6.752     6.154    0.599   1.0973x
   6     6.606     6.112    0.494   1.0808x
   7     7.707     7.208    0.499   1.0692x
   8     6.580     6.135    0.446   1.0726x
   9     6.614     6.114    0.500   1.0817x
  on faster at 8 of 8 positions, mean delta 0.488 s
  restricted to the 8 positions where BOTH arms are under 10 s: on faster at 8 of 8, mean delta 0.488 s on 7.141 s = 1.0733x

stamp: {"commit": "a094e4d77e60acc0f0aea076a846d840a8266e2d", "host": "tt-quietbox2", "card": "1", "exact": false, "shipped_pool": true, "binder_pinned": 146, "extra_msa_on_device": true, "template_on_device": true, "triatt_hifi": true, "taped_kernels": "tri_att_sdpa_hifi,rne_add", "rne_kernel": true, "levers_expected": {"genq_compact": false, "taped_channel_move": true, "mm_layout": true, "triatt_bw": true, "triatt_hifi": true, "rne_kernel": true, "grad_fanin_l1": false, "widen_add": true}}
