1790668175 800
1790668176 800
1790668177 800
1790668178 800
1790668179 800
1790668180 1350
1790668181 1350
1790668182 1350
1790668183 1350
1790668184 1350
1790668185 1343
1790668186 1350
1790668187 1350
1790668188 1350
1790668189 1337
1790668190 1350
1790668191 1350
1790668192 1350
1790668193 1350
1790668194 1350
1790668195 800
1790668196 800
1790668197 800
1790668198 800
1790668199 800
1790668200 1350
1790668201 1350
1790668202 1350
1790668203 1350
1790668204 1350
1790668205 1312
1790668206 1331
1790668207 1350
1790668208 1350
1790668209 1312
1790668210 1350
1790668211 1350
1790668212 1343
1790668213 1350
1790668214 1350
1790668215 1350
1790668216 1350
1790668217 1343
1790668218 1325
1790668219 1337
1790668220 1331
1790668221 1343
1790668222 1350
1790668223 800
1790668224 800
