1790668565 800
1790668566 800
1790668567 800
1790668568 800
1790668569 800
1790668570 800
1790668571 800
1790668572 800
1790668573 800
1790668574 800
1790668575 800
1790668576 800
1790668577 800
1790668578 800
1790668579 800
1790668580 1350
1790668581 800
1790668582 1350
1790668583 800
1790668584 800
1790668585 800
1790668586 800
1790668587 800
1790668588 800
1790668589 800
1790668590 1350
1790668591 1350
1790668592 1350
1790668593 1350
1790668594 1350
1790668595 1343
1790668596 1350
1790668597 1350
1790668598 1337
1790668599 1350
1790668600 1343
1790668601 1350
1790668602 1350
1790668603 1350
1790668604 1350
1790668605 1350
1790668606 1343
1790668607 1350
1790668608 1331
1790668609 1343
1790668610 1350
1790668611 1350
1790668612 800
1790668613 800
1790668614 800
1790668615 800
1790668616 800
1790668617 800
1790668618 800
1790668619 800
1790668620 800
1790668621 800
1790668622 800
1790668623 800
1790668624 800
1790668625 800
1790668626 800
1790668627 800
1790668628 800
1790668629 800
1790668630 800
1790668631 800
1790668632 800
1790668633 800
1790668634 800
1790668635 800
1790668636 800
1790668637 800
1790668638 800
1790668639 800
1790668640 800
1790668641 800
1790668642 800
1790668643 800
1790668644 800
1790668645 800
1790668646 800
1790668647 800
1790668649 800
1790668650 800
1790668651 800
1790668652 800
1790668653 800
1790668654 800
1790668655 800
1790668656 800
1790668657 800
1790668658 800
1790668659 800
1790668660 800
1790668661 800
1790668662 800
1790668663 800
1790668664 800
1790668665 800
1790668666 800
1790668667 800
1790668668 800
1790668669 800
1790668670 800
1790668671 800
1790668672 800
1790668673 800
1790668674 800
1790668675 800
1790668676 800
1790668677 800
1790668678 800
1790668679 800
1790668680 800
1790668681 800
1790668682 800
1790668683 800
1790668684 800
1790668685 800
1790668686 800
1790668687 800
1790668688 800
1790668689 800
1790668690 1350
1790668691 800
1790668692 1350
1790668693 800
1790668694 1350
1790668695 800
1790668696 800
1790668697 800
1790668698 800
1790668699 1350
1790668700 1350
1790668701 1350
1790668702 1350
1790668703 1350
1790668704 1350
1790668705 1350
1790668706 1350
1790668707 1350
1790668708 1350
1790668709 1350
1790668710 1350
1790668711 1350
1790668712 1350
1790668713 1350
1790668714 1350
1790668715 1350
1790668716 1350
1790668717 1350
1790668718 1350
1790668719 1350
1790668720 1350
1790668721 1350
1790668722 1350
1790668723 1350
1790668724 1350
1790668725 1350
1790668726 1350
1790668727 1350
1790668728 1337
1790668729 1350
1790668730 1318
1790668731 1331
1790668732 1350
1790668733 1350
1790668734 1350
1790668735 1350
1790668736 1350
1790668737 1350
1790668738 1337
1790668739 1350
1790668740 1350
1790668741 1350
1790668742 1350
1790668743 1350
1790668744 1350
1790668745 1350
1790668746 1350
1790668747 1350
1790668748 1331
1790668749 1350
1790668750 1343
1790668751 1350
1790668752 1350
1790668753 1350
1790668754 1350
1790668755 1350
1790668756 1350
1790668757 800
1790668758 800
1790668759 800
1790668760 800
