800
800
800
1350
1350
1350
1350
1350
1350
1350
1350
1350
1337
1350
1325
1350
1331
1350
1350
1312
1306
1343
1350
1350
1343
1350
1318
1350
1350
1350
1337
1350
1350
1350
1350
1350
1350
1350
1350
1350
1350
1350
1350
1350
1350
1350
1350
1350
1350
1350
1343
1350
1350
1350
1350
1350
1350
1350
1350
1325
1350
1343
1350
1350
1350
1350
1350
1350
1350
1350
1350
1350
1350
1350
1350
1350
1350
1331
1325
1350
1337
1350
1331
1350
1350
1350
1343
1350
1343
1350
1350
1350
1350
1350
1350
1350
1343
1350
1350
1350
1350
1350
1350
1318
1350
1350
1350
1350
1350
1350
1350
1350
1350
1350
1350
1350
1350
1350
1350
1350
1350
1350
1350
1350
1350
1350
1350
1350
1350
800
800
