800
800
800
800
1350
1350
1350
1350
1350
1350
1350
1350
1350
1343
1343
1306
1331
1350
1350
1350
1350
1343
1331
1350
1343
1350
1343
1350
1350
1350
1350
1350
1350
1350
1350
1350
1350
1350
1350
1350
1350
1350
1350
1350
1343
1350
1350
1350
1350
1350
1350
1350
1350
1350
1350
1350
1350
1350
1350
1350
1350
1350
1350
1350
1350
1350
1350
1350
1350
1350
1350
1350
1350
1350
1350
1350
1350
1350
1337
1331
1350
1343
1350
1325
1350
1350
1350
1350
1350
1350
1350
1350
1350
1350
1350
1350
1350
1350
1350
1343
1350
1350
1350
1343
1350
1350
1350
1350
1343
1350
1350
1350
1350
1350
1350
1350
1350
1350
1350
1350
1350
1350
1350
1350
1350
1350
1350
1350
1350
800
800
