800
800
800
1350
1350
1350
1350
1350
1350
1350
1343
1350
1350
1350
1331
1350
1350
1350
1350
1350
1350
1350
1350
1350
1350
1350
1350
1350
1350
1350
1350
1350
1350
1350
1350
1350
1350
1350
1350
1350
1350
1350
1350
1350
1350
1350
1343
1350
1350
1350
1350
1350
1350
1350
1343
1350
1350
1350
1350
1350
1350
1350
1350
1350
1350
1350
1350
1350
1350
1350
1350
1350
1350
1350
1318
1350
1350
1331
1350
1350
1343
1350
1350
1350
1350
1350
1343
1343
1350
1350
1350
1343
1350
1350
1350
1350
1350
1350
1350
1350
1350
1350
1350
1350
1350
1343
1350
1350
1343
1350
1350
1350
1350
1350
1350
1350
1350
1350
1350
1350
1350
1350
1350
1350
1350
1350
1350
1350
1350
1350
1350
1350
1350
1350
800
800
