 rnd arm      wall     dev     fwd     bwd  clkmed  clkmin  load1  served  declin  spill
   1 off    27.654  11.412   4.204   7.208    1350     800   12.3       0       0      0
   2 off    10.085   7.941   3.207   4.733    1350    1337   11.5       0       0      0
   3 off     8.983   7.005   2.279   4.726    1350    1343   10.5       0       0      0
   4 off    10.104   8.067   3.426   4.642    1350    1343    9.7       0       0      0
   5 off     9.053   6.837   2.212   4.625    1350    1325    9.5       0       0      0
   6 off     9.265   6.837   2.191   4.646    1350    1331    9.4       0       0      0
   7 off    11.130   8.813   4.164   4.649    1350    1343    8.6       0       0      0
   8 off     9.571   6.912   2.197   4.715    1350    1312    8.9       0       0      0
   9 off     9.685   6.961   2.306   4.655    1350    1350   10.0       0       0      0
 101 off    20.909   8.375   3.082   5.293    1350     800    9.5       0       0      0
 102 off    11.243   8.792   4.133   4.659    1350    1343    9.3       0       0      0
 103 off     9.397   6.989   2.289   4.700    1350    1343    9.5       0       0      0
 104 off    11.197   8.723   3.529   5.193    1350    1325   10.0       0       0      0
 105 off    10.049   7.031   2.335   4.697    1350    1325    9.3       0       0      0
 106 off     8.965   6.935   2.241   4.695    1350    1337    8.9       0       0      0
 107 off     9.736   7.508   2.888   4.620    1350    1325    9.9       0       0      0
 108 off     9.286   6.894   2.219   4.675    1350    1325   10.4       0       0      0
 109 off     9.453   6.965   2.308   4.657    1350    1325    9.7       0       0      0
 201 on     27.019   8.614   3.818   4.796    1350     800   12.8    1170     216      0
 202 on     10.315   7.697   3.251   4.446    1350    1312   13.2    1170     216      0
 203 on      8.755   6.403   1.991   4.412    1350    1331   13.9    1170     216      0
 204 on     10.614   8.386   3.369   5.017    1350    1337   14.0    1170     216      0
 205 on      9.755   6.687   2.202   4.485    1350    1337   13.0    1170     216      0
 206 on      8.976   6.583   2.133   4.450    1350    1337   14.1    1170     216      0
 207 on     10.521   8.197   3.297   4.899    1350    1306   13.2    1170     216      0
 208 on      8.950   6.489   2.065   4.424    1350    1306   12.5    1170     216      0
 209 on      9.343   6.684   2.281   4.403    1350    1306   11.2    1170     216      0
 301 on     17.030   7.363   2.625   4.738    1350     800    9.9    1170     216      0
 302 on     10.160   8.157   3.663   4.494    1350    1331    9.2    1170     216      0
 303 on      8.896   6.633   2.201   4.432    1350    1325    9.2    1170     216      0
 304 on     10.291   7.670   3.035   4.635    1350    1337   10.7    1170     216      0
 305 on      8.346   6.429   2.063   4.367    1350    1318    9.8    1170     216      0
 306 on      8.812   6.555   2.053   4.502    1350    1331    9.7    1170     216      0
 307 on     10.626   7.968   2.932   5.035    1343    1325    9.5    1170     216      0
 308 on      8.770   6.462   2.031   4.431    1350    1318    9.7    1170     216      0
 309 on      8.012   6.375   1.994   4.382    1350    1318    9.2    1170     216      0
 401 off    25.311   9.115   3.412   5.703    1350     800    9.5       0       0      0
 402 off    14.499  10.591   5.731   4.860    1350    1337   10.3       0       0      0
 403 off    11.013   7.133   2.442   4.691    1350    1343   11.8       0       0      0
 404 off    11.616   8.827   4.109   4.718    1350    1343   12.1       0       0      0
 405 off    10.673   7.218   2.459   4.759    1350    1325   12.2       0       0      0
 406 off    11.027   7.354   2.481   4.873    1350    1343   12.8       0       0      0
 407 off    14.072  10.382   5.667   4.715    1350    1343   12.9       0       0      0
 408 off    11.016   7.216   2.510   4.706    1350    1325   13.1       0       0      0
 409 off    11.648   7.436   2.535   4.901    1350    1331   14.1       0       0      0
 501 off    27.035   9.352   3.525   5.827    1350     800   15.0       0       0      0
 502 off    14.640  10.607   5.832   4.775    1350    1337   15.3       0       0      0
 503 off    10.557   7.243   2.533   4.711    1350    1325   14.4       0       0      0
 504 off    14.006  10.243   4.916   5.327    1350    1306   14.4       0       0      0
 505 off    11.213   7.337   2.455   4.882    1350    1325   14.6       0       0      0
 506 off    10.032   7.167   2.490   4.677    1350    1337   14.4       0       0      0
 507 off     9.903   7.627   2.951   4.676    1350    1325   13.0       0       0      0
 508 off     8.905   6.924   2.267   4.657    1350    1331   12.2       0       0      0
 509 off     9.398   6.988   2.280   4.707    1350    1331   13.9       0       0      0
 601 on     20.379   7.690   2.652   5.037    1350     800   15.4    1170     216      0
 602 on     11.293   8.717   4.149   4.568    1350    1337   15.1    1170     216      0
 603 on      9.726   6.748   2.234   4.515    1350    1343   14.4    1170     216      0
 604 on     10.840   8.372   3.688   4.685    1350    1337   15.2    1170     216      0
 605 on      8.595   6.457   2.058   4.399    1350    1337   13.4    1170     216      0
 606 on      8.895   6.714   2.169   4.545    1350    1325   12.8    1170     216      0
 607 on     10.382   7.684   2.892   4.792    1350    1312   13.7    1170     216      0
 608 on      9.212   6.619   2.175   4.444    1350    1325   13.4    1170     216      0
 609 on      8.507   6.414   2.016   4.398    1350    1337   12.9    1170     216      0
 701 on     16.379   7.513   2.773   4.740    1350     800    8.9    1170     216      0
 702 on      9.983   8.149   3.677   4.472    1350    1337    9.2    1170     216      0
 703 on      8.450   6.515   2.126   4.389    1350    1331    8.7    1170     216      0
 704 on      9.860   7.951   3.162   4.789    1350    1325    8.5    1170     216      0
 705 on      8.902   6.457   1.978   4.479    1350    1343    8.2    1170     216      0
 706 on      8.134   6.457   2.056   4.401    1350    1318    7.9    1170     216      0
 707 on     10.345   8.096   3.271   4.825    1350    1331    8.5    1170     216      0
 708 on      8.106   6.431   2.026   4.405    1337    1306    9.6    1170     216      0
 709 on      8.672   6.436   1.983   4.452    1343    1325    9.9    1170     216      0

on-arm reach per warm round: served min 1170 med 1170.0 max 1170; declined-over-budget med 216.0; allocator spills total 0

warm medians, the first round of every PROCESS dropped as its compile round
arm    n     wall      dev      fwd      bwd  dev min  dev max
off   32   10.095    7.231    2.486    4.703    6.837   10.607
on    32    9.094    6.659    2.188    4.462    6.375    8.717

against off:
  off  dev 1.0000x  fwd 1.0000x  bwd 1.0000x  wall 1.0000x
  on   dev 1.0859x  fwd 1.1362x  bwd 1.0540x  wall 1.1101x

  off dev range [6.837, 10.607]  on dev range [6.375, 8.717]  overlap: YES
  paired by rank, on is faster on 30 of 32

position-paired device seconds (off vs on, mean over processes):
 pos       off        on    delta    ratio
   2     9.483     8.180    1.303   1.1593x
   3     7.093     6.575    0.518   1.0787x
   4     8.965     8.095    0.870   1.1075x
   5     7.106     6.508    0.598   1.0919x
   6     7.073     6.577    0.496   1.0754x
   7     8.582     7.986    0.596   1.0747x
   8     6.987     6.500    0.486   1.0748x
   9     7.088     6.477    0.610   1.0942x
  on faster at 8 of 8 positions, mean delta 0.685 s
  restricted to the 8 positions where BOTH arms are under 10 s: on faster at 8 of 8, mean delta 0.685 s on 7.797 s = 1.0963x

stamp: {"commit": "548a75a571734722f00df8940f8b91476dcf8907", "host": "tt-quietbox2", "card": "1", "exact": false, "shipped_pool": true, "binder_pinned": 146, "extra_msa_on_device": true, "template_on_device": true, "triatt_hifi": true, "taped_kernels": "tri_att_sdpa_hifi,rne_add", "rne_kernel": true, "levers_expected": {"genq_compact": false, "taped_channel_move": true, "mm_layout": true, "triatt_bw": true, "triatt_hifi": true, "rne_kernel": true, "grad_fanin_l1": true}}
