1790667986 800
1790667987 800
1790667988 800
1790667989 800
1790667990 800
1790667991 800
1790667992 1350
1790667993 1350
1790667994 1350
1790667995 1350
1790667996 1350
1790667997 1337
1790667998 1350
1790667999 1331
1790668000 1350
1790668001 1350
1790668002 1337
1790668003 1350
1790668004 1350
1790668005 1350
1790668006 1350
1790668007 800
1790668008 800
1790668009 800
1790668010 800
1790668011 1350
1790668012 1350
1790668013 1350
1790668014 1350
1790668015 1325
1790668016 1350
1790668017 1343
1790668018 1300
1790668019 1318
1790668020 1350
1790668021 1350
1790668022 1337
1790668023 1350
1790668024 1343
1790668026 1350
1790668027 1350
1790668028 1350
1790668029 1325
1790668030 1350
1790668031 1350
1790668032 1350
1790668033 1350
1790668034 800
1790668035 800
