1790668683 800
1790668684 1350
1790668685 800
1790668686 800
1790668687 800
1790668688 800
1790668689 1350
1790668690 800
1790668691 1350
1790668692 800
1790668693 1350
1790668694 800
1790668695 1350
1790668696 800
1790668697 1350
1790668698 800
1790668699 800
1790668700 1350
1790668701 1350
1790668703 1350
1790668704 1350
1790668705 1350
1790668706 1350
1790668707 1350
1790668708 1350
1790668709 1350
1790668710 1350
1790668711 1350
1790668712 1350
1790668713 1350
1790668714 1350
1790668715 1350
1790668716 1350
1790668717 1350
1790668718 1350
1790668719 1337
1790668720 1350
1790668721 1343
1790668722 1337
1790668723 1350
1790668724 1350
1790668725 1350
1790668726 1350
1790668727 1350
1790668728 1350
1790668729 1350
1790668730 1337
1790668731 1350
1790668732 1350
1790668733 1350
1790668734 1350
1790668735 800
1790668736 800
1790668737 800
1790668738 800
1790668739 800
1790668740 800
1790668741 800
1790668742 800
1790668743 1350
1790668744 1350
1790668745 1350
1790668746 1350
1790668747 1350
1790668748 1350
1790668749 1350
1790668750 1350
1790668751 1350
1790668752 1350
1790668753 1350
1790668754 1350
1790668755 1350
1790668756 1350
1790668757 1350
1790668758 1350
1790668759 1350
1790668760 1350
1790668761 1350
1790668762 1350
1790668763 1350
1790668764 1350
1790668765 1350
1790668766 1350
1790668767 1350
1790668768 1325
1790668769 1350
1790668770 1300
1790668771 1318
1790668772 1350
1790668773 1350
1790668774 1350
1790668775 1350
1790668776 1350
1790668777 1325
1790668778 1343
1790668779 1337
1790668780 1343
1790668781 1350
1790668782 1350
1790668783 1331
1790668784 1350
1790668785 1350
1790668786 1350
1790668787 1350
1790668788 1350
1790668789 1343
1790668790 1350
1790668791 1350
1790668792 1350
1790668793 800
1790668794 800
1790668795 800
