1790671120 800
1790671121 800
1790671122 800
1790671123 800
1790671124 800
1790671125 800
1790671126 1350
1790671127 1350
1790671128 1350
1790671129 1337
1790671130 1343
1790671131 1350
1790671132 1331
1790671133 1343
1790671134 1350
1790671135 1350
1790671136 1337
1790671137 1350
1790671138 1350
1790671139 1350
1790671140 1337
1790671141 1350
1790671142 1350
1790671143 800
1790671144 800
1790671145 800
1790671146 800
1790671147 800
1790671148 800
1790671149 1350
1790671150 1350
1790671151 1350
1790671152 1350
1790671153 1350
1790671154 1350
1790671155 1350
1790671156 1350
1790671157 1350
1790671158 1350
1790671159 1350
1790671160 1350
1790671161 1350
1790671162 1350
1790671163 1350
1790671164 1350
1790671165 1350
1790671166 1350
1790671167 1350
1790671168 1350
1790671169 1300
1790671170 1331
1790671171 1350
1790671172 1343
1790671173 1350
1790671174 1350
1790671175 1350
1790671176 1350
1790671177 1350
1790671178 1350
1790671179 1350
1790671180 1350
1790671181 1331
1790671182 1350
1790671183 1350
1790671184 1337
1790671185 1350
1790671186 1350
1790671187 1331
1790671188 1350
1790671189 800
1790671190 800
