1790849681 800 3.59
1790849682 800 3.59
1790849682 800 3.59
1790849683 800 3.59
1790849683 800 3.59
1790849684 1350 3.59
1790849684 1350 3.59
1790849685 1350 3.59
1790849685 1350 3.59
1790849686 1350 3.59
1790849686 1350 3.46
1790849687 1350 3.46
1790849687 1350 3.46
1790849688 1350 3.46
1790849688 1350 3.46
1790849689 1350 3.46
1790849689 1350 3.46
1790849690 1350 3.46
1790849690 1350 3.46
1790849691 1350 3.46
1790849691 800 3.66
1790849692 800 3.66
1790849692 800 3.66
1790849693 800 3.66
1790849693 800 3.66
1790849694 800 3.66
1790849694 800 3.66
1790849695 1350 3.66
1790849695 1350 3.66
1790849696 1350 3.66
1790849696 1350 3.53
1790849697 1350 3.53
1790849697 1350 3.53
1790849698 1350 3.53
1790849698 1350 3.53
1790849699 1350 3.53
1790849699 1350 3.53
1790849700 1350 3.53
1790849700 1350 3.53
1790849701 800 3.53
1790849701 800 3.65
