1790886777 800 7.06
1790886782 800 6.74
1790886787 1350 7.80
1790886792 1350 7.98
1790886797 1350 9.58
1790886802 1350 9.69
1790886807 800 9.16
1790886812 1350 9.06
1790886817 1350 9.46
1790886822 800 9.98
1790886827 1350 9.74
1790886832 800 10.57
1790886837 1350 9.96
1790886842 1350 9.96
1790886847 1350 9.41
1790886852 1350 8.89
1790886857 1350 8.42
1790886862 1350 8.15
1790886867 1350 7.73
1790886872 1350 7.35
1790886877 1350 7.01
1790886882 1350 6.68
1790886887 1350 6.39
1790886892 1350 6.20
1790886897 1350 6.02
1790886902 1350 5.78
1790886907 1350 6.76
1790886912 1350 6.46
1790886917 1350 6.26
1790886922 1350 6.40
1790886927 1350 6.05
1790886932 1350 5.80
1790886937 1350 5.66
1790886942 1350 5.45
1790886947 1350 5.25
1790886952 1350 5.07
1790886957 1350 5.06
1790886962 1350 4.90
1790886967 1350 4.75
1790886972 1350 4.60
1790886977 1350 5.92
1790886982 1350 5.76
1790886987 1343 7.62
1790886992 1350 7.25
1790886997 1350 6.91
1790887002 1350 6.84
1790887007 1350 6.53
1790887012 1350 6.25
1790887017 1350 6.15
1790887022 1350 5.90
1790887027 1350 6.23
1790887032 1350 5.97
1790887037 1350 5.73
1790887042 1350 6.07
1790887047 1350 5.83
1790887052 1350 6.16
1790887057 1350 6.47
1790887062 1350 6.43
1790887067 1350 6.24
1790887072 1350 7.90
1790887077 1350 9.19
1790887082 1350 10.37
1790887087 1350 10.34
1790887092 1350 11.60
1790887097 1350 11.07
1790887102 1350 10.50
1790887107 1350 9.90
1790887112 1350 10.23
1790887117 1350 10.13
1790887122 1350 9.56
1790887127 1350 9.12
1790887132 1350 8.63
1790887137 1350 8.17
1790887142 1350 7.92
1790887147 1350 8.09
1790887152 1350 7.68
1790887157 1350 7.38
1790887162 1350 7.03
1790887167 1350 6.79
1790887172 1350 6.49
1790887177 800 7.17
