1790870303 800 9.16
1790870313 800 9.32
1790870323 1350 10.65
1790870333 1337 11.71
1790870343 800 10.37
1790870353 1350 12.52
1790870363 1350 12.23
1790870373 1350 12.01
1790870383 1350 11.88
1790870393 1350 12.08
1790870403 800 12.35
1790870413 1350 12.12
1790870423 1350 10.87
1790870433 1350 9.74
1790870443 1350 12.11
1790870453 800 10.63
1790870463 1350 11.76
1790870473 1337 12.00
1790870483 1350 10.77
1790870493 1350 12.06
1790870503 1350 11.87
1790870513 1350 12.97
1790870523 1350 14.14
1790870533 1350 12.43
1790870543 1350 12.72
1790870553 1350 14.07
1790870563 1343 14.68
1790870573 1350 14.38
1790870583 800 13.91
1790870593 1350 13.43
1790870603 1350 14.47
1790870613 1350 13.88
1790870623 1350 14.68
1790870633 1350 16.37
1790870643 1350 16.70
1790870653 1350 17.76
1790870663 1350 17.80
1790870673 1350 17.91
1790870683 1350 17.11
1790870693 1350 17.32
1790870704 1350 17.58
1790870714 1350 16.83
1790870724 1350 14.55
1790870734 1350 12.69
1790870744 1350 12.39
1790870754 1350 11.10
1790870764 1350 10.01
1790870774 800 10.22
1790870784 1350 9.33
1790870794 1350 9.79
1790870804 1350 10.89
1790870814 1350 12.66
1790870824 1350 13.94
1790870834 1350 14.87
1790870844 1350 16.31
1790870854 1350 16.65
1790870864 1350 17.66
1790870874 1350 17.86
1790870884 1350 17.96
1790870894 1350 17.00
1790870904 1350 16.34
1790870914 1350 14.14
1790870924 1350 13.13
1790870934 1350 11.58
1790870944 1350 10.85
1790870954 1350 9.88
1790870964 1350 8.82
1790870974 1350 7.93
1790870984 1312 8.20
1790870994 1350 7.40
1790871004 1350 8.16
1790871014 1350 7.45
1790871024 1343 7.21
1790871034 1331 6.56
1790871044 1318 6.01
1790871054 1350 5.55
1790871064 1350 5.16
1790871074 1350 4.83
1790871084 1350 4.62
1790871094 800 4.82
1790871104 1350 4.62
1790871114 1350 4.88
1790871124 1350 6.80
1790871134 800 7.32
1790871144 1350 8.42
1790871154 1350 8.03
1790871164 1350 8.66
1790871174 1337 7.71
1790871184 1343 8.84
1790871194 1350 8.46
1790871204 1350 9.56
1790871214 1300 10.34
1790871224 1343 9.36
1790871234 1350 8.70
1790871244 1350 7.83
1790871254 1350 8.16
1790871264 1337 8.47
1790871274 1350 8.19
1790871284 1350 7.39
1790871294 1350 7.25
1790871304 1350 7.38
1790871314 1350 7.37
1790871324 1350 7.34
1790871334 1350 6.66
1790871344 1350 8.26
1790871354 800 7.30
1790871364 800 6.48
1790871374 800 6.74
1790871384 1350 8.32
1790871394 1350 9.73
1790871404 1350 9.65
1790871414 1350 9.67
1790871424 1343 8.65
1790871434 1300 9.30
1790871444 1350 8.48
1790871454 1331 7.80
1790871464 1343 7.58
1790871474 1350 6.95
1790871484 1287 6.35
1790871494 1337 6.86
1790871504 1293 6.99
1790871514 1300 7.64
1790871524 1281 6.86
1790871534 1325 6.11
1790871544 1331 5.77
1790871554 1331 5.19
1790871564 1318 4.70
1790871574 1343 4.28
1790871584 1350 3.93
1790871594 1350 3.64
1790871604 1337 3.38
1790871614 1337 4.37
1790871624 1350 5.19
1790871634 1343 4.78
1790871644 1350 5.54
1790871654 1350 6.17
1790871664 1350 5.93
1790871674 1306 7.71
1790871684 1350 8.04
1790871694 1343 7.11
1790871704 1337 7.43
1790871714 1350 7.79
1790871724 1350 6.98
1790871734 800 7.98
1790871744 1350 8.14
1790871754 1350 7.28
1790871764 1350 9.07
1790871774 1350 8.67
1790871784 1337 7.88
1790871794 1306 7.13
1790871804 1331 6.57
1790871814 1343 7.20
1790871824 1312 6.77
1790871834 1306 7.47
1790871844 1306 8.13
1790871854 1350 8.45
1790871864 1325 7.54
1790871874 1350 7.94
1790871884 1350 7.34
1790871894 1350 6.67
1790871904 1350 7.28
1790871914 1350 6.63
1790871924 1306 6.07
1790871934 1350 6.08
1790871944 1300 8.07
1790871954 1350 7.29
1790871964 1306 7.82
1790871974 1331 7.16
1790871984 1318 6.52
1790871994 1350 7.42
1790872004 1350 7.84
1790872014 1343 8.20
1790872024 1337 7.25
1790872034 1350 7.16
1790872044 1350 7.57
1790872054 1350 8.41
1790872064 1350 7.90
1790872074 1350 8.19
1790872084 1350 9.38
1790872094 1350 8.47
1790872104 1350 8.66
1790872114 1350 8.84
1790872124 1350 9.96
1790872134 1350 11.28
1790872144 1350 9.85
1790872154 1350 11.43
1790872164 1350 11.33
1790872174 1350 10.37
1790872184 1350 9.24
1790872194 1350 9.48
1790872204 1350 9.51
1790872214 1337 9.40
1790872224 1350 8.34
1790872234 1350 8.62
1790872244 1350 8.80
1790872254 1350 9.01
1790872264 1350 8.96
1790872274 1350 7.89
1790872284 1350 8.09
1790872294 1350 8.43
1790872304 1350 7.44
1790872314 1350 7.78
1790872324 1350 8.09
1790872334 1350 8.50
1790872345 1350 8.53
1790872355 1350 8.64
1790872365 1350 7.78
1790872375 1350 8.07
1790872385 1350 8.57
1790872395 1350 7.63
1790872405 1350 9.07
1790872415 800 7.90
1790872425 1350 9.00
1790872435 1350 10.52
1790872445 1350 9.43
1790872455 1350 8.29
1790872465 1350 7.40
1790872475 1306 6.65
1790872485 1306 5.94
1790872495 1300 6.45
1790872505 1275 6.08
1790872515 1350 6.76
1790872525 1350 7.66
1790872535 1306 9.06
1790872545 1350 9.21
1790872555 1300 10.14
1790872565 1325 10.12
1790872575 1325 11.28
1790872585 1350 10.85
1790872595 1350 11.01
1790872605 1337 12.14
1790872615 1350 11.88
1790872625 1306 11.67
1790872635 1300 11.41
1790872645 1350 11.19
1790872655 1350 13.31
1790872665 1331 12.96
1790872675 1350 13.78
1790872685 1350 14.24
1790872695 1350 13.67
1790872705 1350 13.26
1790872715 1350 13.99
1790872725 1350 16.54
1790872735 1350 15.85
1790872745 1350 14.95
1790872755 1350 14.19
1790872765 1350 14.65
1790872775 1350 13.93
1790872785 1350 14.05
1790872795 800 13.50
1790872805 1350 13.04
1790872815 1350 14.79
1790872825 1350 16.52
1790872835 800 14.87
1790872845 1350 14.36
1790872855 1350 16.07
1790872865 1350 17.52
1790872875 800 18.67
1790872885 800 16.78
1790872895 800 16.04
1790872905 1350 15.27
1790872915 1350 16.98
1790872925 1350 17.11
1790872935 1350 17.41
1790872945 800 18.58
1790872955 800 17.42
1790872965 1350 16.35
1790872975 1350 15.52
1790872985 1350 18.10
1790872995 1350 16.85
1790873005 800 17.06
1790873015 800 17.31
1790873025 1350 16.34
1790873035 1350 17.67
1790873045 1325 17.92
1790873055 1350 18.18
1790873065 1350 17.32
1790873075 800 16.27
1790873085 1350 16.66
1790873095 1350 18.39
1790873105 1350 18.21
1790873115 1312 19.25
1790873125 1350 19.11
1790873135 800 18.16
1790873145 800 16.98
1790873155 1350 16.55
1790873165 1331 16.55
1790873175 1325 15.54
1790873185 1350 14.69
1790873195 800 15.47
1790873205 800 14.86
1790873215 1350 16.88
1790873225 1350 18.21
1790873235 1350 19.48
1790873245 1337 17.94
1790873255 1350 17.69
1790873265 1350 17.16
1790873275 800 15.28
1790873286 1350 13.32
1790873296 1350 14.81
1790873306 1325 14.87
1790873316 1350 13.37
1790873326 1337 14.15
1790873336 1337 13.80
1790873346 800 12.06
1790873356 1350 10.66
1790873366 1350 11.95
1790873376 1325 11.04
1790873386 1318 11.24
1790873396 1331 12.30
1790873406 800 11.42
1790873416 800 10.50
1790873426 1350 11.30
1790873436 1350 12.76
1790873446 1325 12.93
1790873456 1331 11.55
1790873466 1331 14.44
1790873476 1318 13.31
1790873486 1350 16.18
1790873496 800 15.72
1790873506 1350 15.67
1790873516 1350 15.54
1790873526 1350 16.78
1790873536 1331 15.53
1790873546 1350 14.87
1790873556 1337 15.42
1790873566 1350 14.87
1790873576 800 14.16
1790873586 800 12.29
1790873596 1350 14.64
1790873606 1350 13.25
1790873616 1350 13.98
1790873626 1343 15.20
1790873636 1343 15.86
1790873646 800 13.88
1790873656 800 13.78
1790873666 1350 13.38
1790873676 1350 12.99
1790873686 1350 13.97
1790873696 1350 12.28
1790873706 1350 11.46
1790873716 800 10.72
1790873726 1350 11.14
1790873736 1350 11.09
1790873746 1350 10.57
1790873756 1350 9.41
1790873766 1350 10.83
1790873776 800 9.62
1790873786 800 9.73
1790873796 1350 11.40
1790873806 1350 10.18
1790873816 1350 10.92
1790873826 1350 12.48
1790873836 1350 12.96
1790873846 800 14.54
1790873856 1350 14.44
1790873866 1350 12.76
1790873876 1350 13.34
1790873886 1350 14.21
1790873896 1325 13.52
1790873906 1350 16.20
1790873916 1325 15.61
1790873926 1343 14.26
1790873936 1350 12.53
1790873946 800 11.50
1790873956 800 13.53
1790873966 1350 13.01
1790873976 1350 13.26
1790873986 1350 14.12
1790873996 1350 13.77
1790874006 1343 14.27
1790874016 1350 13.89
1790874026 1350 16.11
1790874036 1312 14.61
1790874046 1325 12.83
1790874056 800 12.74
1790874066 1350 13.87
1790874076 1350 13.76
1790874086 1350 12.32
1790874096 1350 12.39
1790874106 1350 11.09
1790874116 1350 11.11
1790874126 1350 13.05
1790874136 1337 13.81
1790874146 1350 15.79
1790874156 1350 15.66
1790874166 800 13.79
1790874176 1350 13.81
1790874186 1350 12.38
1790874196 1350 11.31
1790874206 1350 13.77
1790874216 1350 15.30
1790874226 1337 13.41
1790874236 1350 12.18
1790874246 1350 10.92
1790874256 1306 9.77
1790874266 800 8.88
1790874276 1350 7.97
1790874286 1350 7.58
1790874296 1350 8.80
1790874306 1350 9.19
1790874316 1350 9.57
1790874326 1343 8.64
1790874336 1350 10.16
1790874346 1343 9.14
1790874356 1350 9.47
1790874366 1300 8.62
1790874376 1350 8.88
1790874386 1318 9.32
1790874396 1350 9.39
1790874406 800 11.18
1790874416 800 12.32
1790874426 1350 12.08
1790874436 1350 12.04
1790874446 1350 13.80
1790874456 1350 14.38
1790874466 1350 12.78
1790874476 1350 13.15
1790874486 1325 11.91
1790874496 1325 10.77
1790874506 1350 9.73
1790874516 1350 11.23
1790874526 1306 11.23
1790874536 1350 13.31
1790874546 1350 15.14
1790874556 800 13.43
1790874566 1343 13.18
1790874576 1350 11.84
1790874586 1350 10.72
1790874596 1350 9.68
1790874606 1350 9.99
1790874616 1343 9.07
1790874626 1350 10.53
1790874636 1350 10.88
1790874646 1300 11.01
1790874656 1350 11.03
1790874666 1343 11.55
1790874676 1350 12.96
1790874686 1350 12.78
1790874696 800 11.66
1790874706 1350 10.49
1790874716 1350 10.00
1790874726 1350 9.00
1790874736 1350 10.86
1790874746 1350 10.04
1790874756 1312 9.19
1790874767 1343 11.09
1790874777 1350 10.00
1790874787 1350 9.08
1790874797 1343 8.30
1790874807 1350 8.36
1790874817 1325 8.79
1790874827 1325 9.72
1790874837 800 9.07
1790874847 800 11.04
1790874857 1350 13.59
1790874867 1350 12.12
1790874877 1350 11.54
1790874887 1350 11.39
1790874897 1350 10.41
1790874907 1350 9.43
1790874917 1343 8.74
1790874927 1350 9.20
1790874937 1350 10.47
1790874947 1331 9.71
1790874957 1343 8.83
1790874967 1350 9.60
1790874977 1350 8.74
1790874987 1350 9.72
1790874997 1350 10.21
1790875007 1350 9.40
1790875017 1331 11.09
1790875027 1350 10.08
1790875037 800 9.78
1790875047 1350 9.93
1790875057 1350 10.66
1790875067 1350 11.64
1790875077 1350 10.46
1790875087 1350 9.69
1790875097 1350 9.05
1790875107 1293 9.46
1790875117 1325 9.01
1790875127 1325 8.39
1790875137 1337 7.71
1790875147 1318 7.14
1790875157 1312 7.76
1790875167 1337 8.14
1790875177 1350 8.77
1790875187 1325 8.56
1790875197 1350 9.04
1790875207 1337 9.78
1790875217 1350 12.36
1790875227 800 11.74
1790875237 1337 14.78
1790875247 1350 15.78
1790875257 1350 15.01
1790875267 1350 13.48
1790875277 1350 12.32
1790875287 1350 11.04
1790875297 1306 11.97
1790875307 1350 11.39
1790875317 1350 10.25
1790875327 1350 9.37
1790875337 1350 8.77
1790875347 1350 9.32
1790875357 1350 8.94
1790875367 1350 8.18
1790875377 1350 7.77
1790875387 1350 7.75
1790875397 1350 8.54
1790875407 1350 9.18
1790875417 800 10.62
1790875427 800 11.05
1790875437 1350 14.23
1790875447 1350 13.86
1790875457 1350 14.96
1790875467 1350 14.77
1790875477 1350 13.48
1790875487 1350 12.02
1790875497 1350 13.51
1790875507 1350 12.66
1790875517 1350 12.35
1790875527 1350 11.16
1790875537 1350 10.21
1790875547 1350 9.41
1790875557 1350 9.93
1790875567 1337 10.54
1790875577 1350 10.82
1790875587 1350 10.41
1790875597 1350 12.76
1790875607 1318 12.31
1790875617 1350 12.98
1790875627 800 12.19
1790875637 1350 12.13
1790875647 1350 12.23
1790875657 1350 14.14
1790875667 1350 12.87
1790875677 1350 14.92
1790875687 1350 13.32
1790875697 1350 12.04
1790875707 1350 12.24
1790875717 1343 13.26
1790875727 1300 12.94
1790875737 1350 12.28
1790875747 1331 11.02
1790875757 1337 10.01
1790875767 1325 11.84
1790875777 1350 14.06
1790875787 1318 15.05
1790875797 1350 13.64
1790875807 1350 12.24
1790875817 1325 13.99
1790875827 1343 12.37
1790875837 1350 12.45
1790875847 1350 14.45
1790875857 1306 15.72
1790875867 1350 14.08
1790875877 800 14.85
1790875887 800 14.21
1790875897 1350 14.89
1790875907 1350 13.28
1790875917 1350 14.83
1790875927 1350 14.34
1790875937 1350 13.21
1790875947 1350 12.27
1790875957 1325 13.82
1790875967 1350 14.59
1790875977 1337 17.08
1790875987 1350 17.56
1790875997 1350 15.40
1790876007 1337 15.20
1790876017 1350 13.94
1790876027 1350 12.41
1790876037 1350 12.32
1790876047 1293 12.30
1790876057 1350 14.43
1790876067 1350 14.55
1790876077 1350 15.21
1790876087 1350 13.72
1790876097 1350 14.47
1790876108 1293 15.32
1790876118 1350 13.58
1790876128 1350 12.10
1790876138 1350 14.28
1790876148 800 13.00
1790876158 1350 13.29
1790876168 1350 14.09
1790876178 1350 13.62
1790876188 1350 13.27
1790876198 1350 14.59
1790876208 1350 14.44
1790876218 1350 13.94
1790876228 1350 12.49
1790876238 1325 11.48
1790876248 1343 11.27
1790876258 1350 10.31
1790876268 1325 9.72
1790876278 1350 10.03
1790876288 1350 9.10
1790876298 1343 10.22
1790876308 1300 9.40
1790876318 1350 9.70
1790876328 1325 10.08
1790876338 1287 11.23
1790876348 1350 11.14
1790876358 1350 11.17
1790876368 1350 14.31
1790876378 1350 16.07
1790876388 1350 14.28
1790876398 800 14.40
1790876408 800 14.01
1790876418 1350 15.58
1790876428 1350 14.19
1790876438 1350 13.81
1790876448 1350 12.52
1790876458 1350 11.86
1790876468 1350 11.12
1790876478 1350 10.33
1790876488 1337 10.64
1790876498 1350 9.86
1790876508 1350 8.95
1790876518 1318 8.19
1790876528 1350 10.97
1790876538 1350 11.10
1790876548 1343 10.17
1790876558 1350 9.92
1790876568 1300 8.93
1790876578 1350 9.37
1790876588 1350 10.94
1790876598 1325 9.87
1790876608 1300 8.97
1790876618 1331 8.28
1790876628 1350 7.54
1790876638 1350 7.07
1790876648 1350 9.59
1790876658 800 10.79
1790876668 1350 10.05
1790876678 1350 11.42
1790876688 1350 13.61
1790876698 1350 13.08
1790876708 1350 11.60
1790876718 1350 11.72
1790876728 1350 11.78
1790876738 1350 11.62
1790876748 1350 12.75
1790876758 1318 11.47
1790876768 1350 12.19
1790876778 1350 10.85
1790876788 1343 9.72
1790876798 1306 11.14
1790876808 1350 12.64
1790876818 1350 11.47
1790876828 1350 11.76
1790876838 1350 10.72
1790876848 1350 13.91
1790876858 1350 12.53
1790876868 1325 11.59
1790876878 1350 12.22
1790876888 1300 14.07
1790876898 1350 13.40
1790876908 1350 11.95
1790876918 1318 10.73
1790876928 1350 10.36
1790876938 1350 10.22
1790876948 1350 10.52
1790876958 800 9.58
1790876968 1350 8.65
1790876978 1350 11.28
1790876988 1350 10.60
1790876998 1350 11.66
1790877008 1350 12.13
1790877018 1350 11.60
1790877028 1350 10.59
1790877038 1350 10.91
1790877048 1350 10.32
1790877058 1325 10.40
1790877068 1350 9.90
1790877078 1343 11.38
1790877088 1350 11.28
1790877098 1318 11.37
1790877108 1350 11.76
1790877118 1350 11.60
1790877128 1350 10.58
1790877138 1350 12.25
1790877148 1318 13.06
1790877158 1350 11.81
1790877168 1306 12.10
1790877178 1350 10.78
1790877188 1343 12.55
1790877198 1350 17.14
1790877208 1350 15.68
1790877218 1350 15.56
1790877228 1350 14.50
1790877238 1325 12.97
1790877248 1350 11.81
1790877258 800 11.73
1790877268 800 10.55
1790877279 1350 11.93
1790877289 1350 12.12
1790877299 1350 14.00
1790877309 1350 15.65
1790877319 1350 13.86
1790877329 1350 12.57
1790877339 1350 12.45
1790877349 1350 12.12
1790877359 1350 11.27
1790877369 1350 10.15
1790877379 1350 10.02
1790877389 1350 11.04
1790877399 1350 9.95
1790877409 1350 12.11
1790877419 1350 13.41
1790877429 1350 15.37
1790877439 1350 15.34
1790877449 1350 15.98
1790877459 1350 14.14
1790877469 1350 14.74
1790877479 1350 13.65
1790877489 1318 13.20
1790877499 1350 12.10
1790877509 1350 12.33
1790877519 1350 13.74
1790877529 1350 13.57
1790877539 1350 14.65
1790877549 1318 13.09
1790877559 1350 12.53
1790877569 1331 13.68
1790877579 1350 15.78
1790877589 800 15.78
1790877599 800 14.04
1790877609 1350 14.99
1790877619 1350 13.68
1790877629 1350 12.75
1790877639 1350 12.07
1790877649 1350 11.06
1790877659 1350 10.13
1790877669 1350 9.50
1790877679 1350 8.81
1790877689 1350 9.55
1790877699 1312 10.56
1790877709 1350 11.21
1790877719 1343 12.99
1790877729 1350 13.44
1790877739 1350 13.84
1790877749 1350 14.07
1790877759 1350 12.82
1790877769 1312 11.86
1790877779 1350 12.36
1790877789 1343 11.55
1790877799 1350 10.39
1790877809 1350 9.63
1790877819 1343 9.35
1790877829 1350 8.53
1790877839 1350 7.91
1790877849 1350 8.59
1790877859 1350 7.88
1790877869 1331 7.13
1790877879 1350 7.60
1790877889 800 8.23
1790877899 800 9.61
1790877909 1325 9.78
1790877919 800 8.74
1790877929 1350 9.13
1790877939 800 9.54
1790877949 1350 11.80
1790877959 1350 11.63
1790877969 800 10.22
1790877979 1350 10.31
1790877989 1350 9.42
1790877999 800 8.43
1790878009 1350 9.99
1790878019 1350 9.07
1790878029 800 8.05
1790878039 1350 7.27
1790878049 1350 7.33
1790878059 800 9.72
1790878069 800 9.48
1790878079 1350 11.19
1790878089 1337 12.22
1790878099 1325 12.16
1790878109 800 10.75
1790878119 1350 10.67
1790878129 1325 10.52
1790878139 1318 10.64
1790878149 1350 12.81
1790878159 1350 12.19
1790878169 1350 12.12
1790878179 1350 12.11
1790878189 1312 10.79
1790878199 1350 10.80
1790878209 800 10.62
1790878219 1350 10.65
1790878229 1350 9.87
1790878239 1350 8.89
1790878249 1350 8.06
1790878259 800 7.35
1790878269 1350 7.00
1790878279 1337 8.70
1790878289 1312 7.82
1790878299 1318 7.08
1790878309 1350 6.60
1790878319 1312 7.30
1790878329 800 6.64
1790878339 1350 7.35
1790878349 1318 6.68
1790878359 1350 8.74
1790878369 1350 8.08
1790878379 1350 9.22
1790878389 800 8.26
1790878399 1350 8.65
1790878409 1350 10.39
1790878419 1312 10.73
1790878429 1350 12.02
1790878439 1350 10.64
1790878449 1350 11.85
1790878459 1331 10.78
1790878469 800 10.68
1790878479 1350 10.70
1790878489 1350 10.62
1790878499 1312 9.53
1790878509 1306 8.53
1790878519 1337 7.68
1790878529 1350 8.16
1790878539 800 8.46
1790878549 1350 9.66
1790878559 1350 9.82
1790878569 1306 8.84
1790878579 1343 7.94
1790878589 1306 7.18
1790878599 800 8.26
1790878609 1350 7.37
1790878619 1350 9.08
1790878630 1318 9.33
1790878640 1350 8.35
1790878650 1343 8.63
1790878660 1325 7.84
1790878670 1350 8.67
1790878680 1325 9.07
1790878690 1331 9.33
1790878700 800 8.43
1790878710 1350 11.09
1790878720 1350 12.10
1790878730 1350 12.46
1790878740 1306 11.45
1790878750 1331 10.39
1790878760 1331 10.66
1790878770 1325 10.49
1790878780 1350 9.79
1790878790 1350 11.36
1790878800 800 10.39
1790878810 1350 11.08
1790878820 1350 14.67
1790878830 1350 15.89
1790878840 1343 16.45
1790878850 1306 14.61
1790878860 1337 13.05
1790878870 1318 11.73
1790878880 1325 10.63
1790878890 1343 9.61
1790878900 1337 8.82
1790878910 1337 9.19
1790878920 1318 9.59
1790878930 1343 10.38
1790878940 800 9.39
1790878950 1350 11.82
1790878960 1350 14.79
1790878970 1350 17.09
1790878980 1343 15.31
1790878990 1306 14.75
1790879000 1350 13.10
1790879010 1306 12.88
1790879020 1337 13.97
1790879030 1337 15.54
1790879040 1350 13.85
1790879050 1318 12.33
1790879060 1350 11.13
1790879070 800 11.70
1790879080 1350 12.90
1790879090 1350 13.50
1790879100 1343 14.05
1790879110 1306 13.09
1790879120 1337 11.77
1790879130 1337 10.57
1790879140 1312 9.64
1790879150 1350 8.77
1790879160 1331 8.11
1790879170 1306 8.04
1790879180 1331 7.50
1790879190 1343 6.96
1790879200 1306 6.73
1790879210 1337 6.24
1790879220 1350 5.81
1790879230 800 6.49
1790879240 1350 7.38
1790879250 1350 9.81
1790879260 1318 9.07
1790879270 1350 9.32
1790879280 1331 10.31
1790879290 1343 10.91
1790879300 1350 9.85
1790879310 1318 12.97
1790879320 1306 12.14
1790879330 1350 11.05
1790879340 1350 10.27
1790879350 1350 9.38
1790879360 1350 9.76
1790879370 1306 11.24
1790879380 1331 10.93
1790879390 1350 12.08
1790879400 800 12.01
1790879410 1350 11.10
1790879420 1350 13.20
1790879430 1350 13.15
1790879440 1300 11.89
1790879450 1293 11.85
1790879460 1350 10.64
1790879470 1318 10.90
1790879480 1331 11.10
1790879490 1300 10.08
1790879500 1331 12.05
1790879510 1293 11.99
1790879520 1350 10.76
1790879530 1350 11.75
1790879540 1325 12.44
1790879550 1306 13.60
1790879560 1318 12.50
1790879570 1350 11.58
1790879580 1350 10.41
1790879590 1300 9.99
1790879600 1350 12.48
1790879610 800 12.64
1790879620 1350 12.58
1790879630 1350 13.28
1790879640 1343 13.14
1790879650 1300 11.88
1790879660 1343 10.99
1790879670 1325 10.58
1790879680 1318 9.71
1790879690 1350 8.83
1790879700 1331 9.93
1790879710 1293 10.37
1790879720 1350 10.20
1790879730 1306 12.27
1790879740 1331 11.64
1790879750 1325 10.84
1790879760 1343 9.93
1790879770 1306 9.02
1790879780 1312 10.49
1790879790 1350 10.60
1790879800 1306 9.66
1790879810 1350 11.41
1790879820 1350 13.44
1790879830 800 13.11
1790879840 1350 12.91
1790879850 1350 14.21
1790879860 1350 12.49
1790879870 1350 11.18
1790879880 1350 12.31
1790879890 1350 13.24
1790879900 800 11.90
1790879910 1350 11.81
1790879920 1350 11.88
1790879930 1350 10.96
1790879940 1350 10.19
1790879950 800 9.49
1790879960 1350 9.92
1790879970 1325 10.12
1790879980 1350 10.39
1790879990 800 11.56
1790880000 1350 11.60
1790880010 1350 13.70
1790880020 1343 14.90
1790880030 1350 15.05
1790880040 1350 14.60
1790880050 800 12.89
1790880060 1350 11.45
1790880070 1331 12.77
1790880080 1350 11.50
1790880090 1350 10.35
1790880100 1350 9.22
1790880110 800 8.48
1790880120 1350 10.20
1790880130 1318 11.63
1790880140 1312 10.83
1790880150 1337 11.54
1790880160 1350 14.06
1790880170 1350 12.36
1790880180 800 12.18
1790880190 1350 10.92
1790880200 1343 10.16
1790880210 1350 9.21
1790880220 1350 8.57
1790880230 1350 9.98
1790880240 800 9.06
1790880250 1350 8.28
1790880260 1350 11.13
1790880270 1350 10.27
1790880280 1350 10.58
1790880290 1343 12.81
1790880301 1350 14.28
1790880311 1350 14.83
1790880321 800 13.60
1790880331 800 13.47
1790880341 1350 15.25
1790880351 1337 14.99
1790880361 1343 13.30
1790880371 1350 11.87
1790880381 1337 10.73
1790880391 1350 12.80
1790880401 1350 11.37
1790880411 800 10.69
1790880421 1350 13.01
1790880431 1350 14.98
1790880441 1312 13.61
1790880451 1312 13.64
1790880461 1350 12.23
1790880471 1350 12.22
1790880481 1350 11.60
1790880491 1350 11.93
1790880501 1350 12.03
1790880511 800 10.72
1790880521 1350 10.81
1790880531 1350 11.02
1790880541 1343 11.55
1790880551 1343 10.47
1790880561 1306 10.67
1790880571 1306 9.97
1790880581 1350 11.27
1790880591 1350 11.18
1790880601 800 10.08
1790880611 1350 13.73
1790880621 1343 15.40
1790880631 1350 14.92
1790880641 800 14.01
1790880651 1350 12.40
1790880661 1343 13.49
1790880671 1350 13.06
1790880681 800 11.91
1790880691 1350 12.42
1790880701 1350 12.54
1790880711 1350 11.31
1790880721 1350 10.03
1790880731 800 9.02
1790880741 1350 9.45
1790880751 1331 8.61
1790880761 1350 8.35
1790880771 800 8.16
1790880781 1350 8.00
1790880791 1350 9.77
1790880801 1343 11.02
1790880811 1350 9.94
1790880821 1350 12.36
1790880831 800 12.17
1790880841 1350 12.12
1790880851 1343 12.08
1790880861 1318 11.35
1790880871 1350 11.34
1790880881 1350 11.16
1790880891 800 10.46
1790880901 1350 10.87
1790880911 1318 9.82
1790880921 1325 9.00
1790880931 1350 8.23
1790880941 1350 7.43
1790880951 800 6.75
1790880961 1350 7.61
1790880971 1337 7.57
1790880981 1350 8.22
1790880991 1325 8.04
1790881001 1350 7.72
1790881011 1350 7.07
1790881021 1350 6.67
1790881031 1350 7.36
1790881041 1343 8.02
1790881051 1306 7.40
1790881061 1343 8.24
1790881071 1350 7.59
1790881081 1350 6.96
1790881091 800 7.53
1790881101 1350 8.19
1790881111 1337 8.89
1790881121 1343 8.36
1790881131 1337 7.85
1790881141 1350 7.70
1790881151 1350 8.69
1790881161 1350 7.81
1790881171 800 7.07
1790881181 1350 6.60
1790881191 1350 7.38
1790881201 1337 8.44
1790881211 1343 7.84
1790881221 1350 7.25
1790881231 1293 7.14
1790881241 1350 8.10
1790881251 1350 8.94
1790881261 800 8.10
1790881271 1350 8.75
1790881281 1350 9.20
1790881291 1343 9.73
1790881301 1350 8.85
1790881311 1350 8.19
1790881321 1318 7.39
1790881331 1350 6.79
1790881341 1350 6.49
1790881351 800 5.96
1790881361 1350 6.63
1790881371 1331 7.18
1790881381 1318 6.53
1790881391 1343 6.14
1790881401 800 6.26
1790881411 1350 6.96
1790881421 1325 6.49
1790881431 1343 6.10
1790881441 800 6.83
1790881451 1350 7.37
1790881461 1350 9.08
1790881471 1293 8.22
1790881481 1331 7.42
1790881491 1287 6.74
1790881501 1306 6.32
1790881511 1337 5.81
1790881521 1287 5.68
1790881531 1293 6.69
1790881541 800 6.28
1790881551 1350 5.70
1790881561 1350 6.39
1790881571 1337 8.17
1790881581 1325 7.38
1790881591 1306 6.78
1790881601 1312 6.20
1790881611 1350 5.85
1790881621 1350 5.41
1790881631 1350 5.04
1790881641 800 4.73
1790881651 1350 5.66
1790881661 1331 6.82
1790881671 1337 6.24
1790881681 1350 5.81
1790881691 1300 5.89
1790881701 1337 5.45
1790881711 1350 5.15
1790881721 1350 4.90
1790881731 1331 4.60
1790881741 1306 4.36
1790881751 1306 4.31
1790881761 1350 4.11
1790881771 1350 5.26
1790881781 800 6.72
1790881791 1350 6.52
1790881801 1350 7.25
1790881811 1306 7.78
1790881821 1350 7.12
1790881831 1325 6.48
1790881841 1306 5.95
1790881851 1325 5.49
1790881861 1350 5.11
1790881871 1325 5.60
1790881881 1318 5.65
1790881891 1331 5.32
1790881901 1325 4.97
1790881911 1350 5.86
1790881921 800 6.79
1790881931 1350 6.20
1790881941 1350 8.10
1790881951 1331 7.85
1790881961 1350 7.40
1790881971 1300 8.53
1790881981 1325 7.68
1790881991 1293 7.42
1790882001 1325 6.74
1790882011 1312 6.17
1790882021 1343 5.75
1790882031 1312 5.33
1790882041 1281 4.97
1790882051 1350 5.18
1790882061 1275 6.47
1790882071 1350 6.01
1790882081 1331 5.78
1790882091 1337 5.43
1790882101 1350 6.26
1790882111 1350 6.22
1790882121 800 5.88
1790882131 1350 5.53
1790882141 1350 7.44
1790882151 1350 7.95
1790882161 1337 7.33
1790882171 1331 6.74
1790882181 1300 6.24
1790882191 1350 5.81
1790882201 1350 5.46
1790882211 1350 5.16
1790882222 1350 4.90
1790882232 1300 4.68
1790882242 1350 4.50
1790882252 1343 4.35
1790882262 1350 4.14
1790882272 1306 4.04
1790882282 1350 3.88
1790882292 1350 3.82
1790882302 1350 4.97
1790882312 1350 4.91
1790882322 800 4.62
1790882332 800 4.76
1790882342 1350 5.70
1790882352 1350 6.24
1790882362 1306 5.74
1790882372 1350 5.32
1790882382 1300 4.96
1790882392 1337 4.66
1790882402 1306 4.48
1790882412 1350 4.25
1790882422 1350 4.37
1790882432 1325 4.16
1790882442 1331 4.06
1790882452 1350 3.97
1790882462 1343 3.82
1790882472 1350 3.69
1790882482 1318 3.58
1790882492 1325 3.57
1790882502 1300 3.48
1790882512 1331 4.20
1790882522 1287 4.02
1790882532 1306 3.93
1790882542 1331 3.79
1790882552 1350 5.10
1790882562 1343 5.25
1790882572 1350 5.06
1790882582 1350 7.50
1790882592 800 6.88
1790882602 800 6.44
1790882612 1350 8.61
1790882622 1343 9.33
1790882632 1300 8.73
1790882642 1337 7.85
1790882652 1300 7.10
1790882662 1325 6.54
1790882672 1325 7.36
1790882682 1325 7.89
1790882692 1331 7.21
1790882702 1300 7.99
1790882712 1293 7.67
1790882722 1300 6.96
1790882732 1331 6.51
1790882742 1312 6.29
1790882752 1281 5.86
1790882762 1312 5.42
1790882772 1281 5.45
1790882782 1350 5.07
1790882792 1318 4.75
1790882802 1337 5.83
1790882812 1281 5.40
1790882822 1350 6.23
1790882832 1300 6.99
1790882842 1350 7.56
1790882852 1350 6.86
1790882862 800 6.48
1790882872 1350 8.18
1790882882 1350 9.85
1790882892 1331 8.80
1790882902 1350 7.98
1790882912 1331 7.29
1790882922 1318 6.63
1790882932 1281 6.30
1790882942 1331 5.94
1790882952 1350 5.80
1790882962 1318 6.72
1790882972 1331 6.15
1790882982 1325 5.67
1790882992 1331 5.41
1790883002 1350 5.04
1790883012 1275 4.72
1790883022 1300 4.54
1790883032 1350 4.30
1790883042 1281 5.62
1790883052 1318 6.81
1790883062 1350 6.78
1790883072 1318 7.60
1790883082 1275 6.90
1790883092 1350 6.37
1790883102 1293 5.93
1790883112 1318 5.55
1790883122 1350 6.41
1790883132 1300 6.03
1790883142 1300 5.96
1790883152 1350 6.54
1790883162 1337 9.48
1790883172 1331 8.56
1790883182 1350 8.15
1790883192 1350 9.74
1790883202 800 9.59
1790883212 1350 9.85
1790883222 1350 12.07
1790883232 1325 10.76
1790883242 1343 11.28
1790883252 1318 10.08
1790883262 1281 9.95
1790883272 1350 8.96
1790883282 1350 8.04
1790883292 1287 7.41
1790883302 1318 6.97
1790883312 1318 6.43
1790883322 1287 5.98
1790883332 1350 5.60
1790883342 1287 6.61
1790883352 1287 6.05
1790883362 1350 5.74
1790883372 1325 5.32
1790883382 1293 4.96
1790883392 1325 4.73
1790883402 1318 4.54
1790883412 1287 4.38
1790883422 1331 5.64
1790883432 1337 7.76
1790883442 1331 7.03
1790883452 1318 6.41
1790883462 1337 6.03
1790883472 1293 5.57
1790883482 1275 5.73
1790883492 1350 5.53
1790883502 1275 6.89
1790883512 1350 6.37
1790883522 1350 7.93
1790883532 1350 7.74
1790883542 800 8.19
1790883552 1350 9.79
1790883562 1350 9.93
1790883572 1350 8.94
1790883582 800 8.33
1790883592 800 7.36
1790883602 1350 8.05
1790883612 1350 8.38
1790883622 1350 7.70
1790883632 1350 8.24
1790883642 800 7.43
1790883652 1350 8.47
1790883662 1350 7.70
1790883672 1350 7.30
1790883682 1350 8.41
1790883692 1337 7.58
1790883702 800 8.66
1790883712 1350 9.37
1790883722 1350 10.86
1790883732 1350 9.72
1790883742 1350 9.97
1790883752 1318 8.90
1790883762 1350 8.15
1790883772 800 8.76
1790883782 1350 7.95
1790883792 1350 7.74
1790883802 1350 7.49
1790883812 1350 6.95
1790883822 1312 6.66
1790883832 1331 6.18
1790883842 1331 5.69
1790883852 1350 5.35
1790883862 800 4.99
1790883872 1350 4.84
1790883882 1350 4.56
1790883892 1350 4.79
1790883902 1350 6.08
1790883912 1350 6.95
1790883922 1350 6.42
1790883932 1350 6.19
1790883942 1350 5.70
1790883952 800 5.21
1790883962 1350 6.22
1790883972 1350 6.83
1790883982 1343 6.24
1790883992 1350 8.93
1790884002 1350 9.71
1790884012 1350 9.40
1790884022 1350 9.54
1790884032 1343 8.61
1790884042 1350 7.75
1790884052 800 8.46
1790884062 1350 7.55
1790884072 1350 10.12
1790884082 1350 9.18
1790884092 1350 9.18
1790884102 1343 10.62
1790884112 1337 9.45
1790884122 1306 8.54
1790884132 1325 7.68
1790884142 1350 8.14
1790884152 1350 8.53
1790884162 800 7.68
1790884173 1350 9.12
1790884183 1350 9.43
1790884193 1350 8.52
1790884203 1350 9.44
1790884213 1318 9.94
1790884223 1343 8.95
1790884233 1350 8.11
1790884243 1318 7.48
1790884253 1312 6.87
1790884263 1312 7.56
1790884273 1318 8.66
1790884283 1350 8.38
1790884293 800 7.47
1790884303 1350 8.14
1790884313 1350 8.45
1790884323 1350 7.69
1790884333 1350 8.49
1790884343 1350 8.75
1790884353 1312 8.58
1790884363 1318 7.72
1790884373 1350 8.40
1790884383 1337 7.65
1790884393 1350 7.01
1790884403 1350 6.39
1790884413 1350 5.87
1790884423 800 5.35
1790884433 1350 5.14
1790884443 1350 4.81
1790884453 1350 4.61
1790884463 1350 6.65
1790884473 1350 8.47
1790884483 1350 7.85
1790884493 1306 7.18
1790884503 1343 6.68
1790884513 1350 6.36
1790884523 1343 5.84
1790884533 1318 5.56
1790884543 1325 5.16
1790884553 1318 6.11
1790884563 1312 5.63
1790884573 1350 5.30
1790884583 800 4.95
1790884593 1350 5.61
1790884603 1350 5.21
1790884613 1350 5.10
1790884623 1350 7.17
1790884633 1312 8.27
1790884643 1343 7.46
1790884653 1343 6.99
1790884663 1350 6.38
1790884673 1350 8.12
1790884683 1350 7.41
1790884693 1350 6.80
1790884703 1331 6.22
1790884713 1343 5.80
1790884723 1350 5.37
1790884733 800 6.79
1790884743 1350 6.67
1790884753 1350 7.22
1790884763 1350 6.65
1790884773 1350 7.12
1790884783 1350 7.91
1790884793 1331 7.60
1790884803 1350 7.04
1790884813 1350 6.42
1790884823 1350 7.17
1790884833 1350 7.49
1790884843 1331 6.80
1790884853 1312 6.21
1790884863 1343 6.01
1790884873 1350 5.55
1790884883 1331 5.16
1790884893 1350 5.19
1790884903 1318 4.86
1790884913 1343 4.57
1790884923 1350 6.77
1790884933 800 6.19
1790884943 1350 6.90
1790884953 1350 7.50
1790884963 1350 6.81
1790884973 1350 7.33
1790884983 1350 7.87
1790884993 1331 7.19
1790885003 1306 6.69
1790885013 1312 6.97
1790885023 1306 7.54
1790885033 1350 6.84
1790885043 1350 6.48
1790885053 1318 6.09
1790885063 1343 5.69
1790885073 1343 5.36
1790885083 1343 5.81
1790885093 1350 6.02
1790885103 1350 6.28
1790885113 1350 6.47
1790885123 1350 5.85
1790885133 800 5.49
1790885143 800 6.95
1790885153 800 7.37
1790885163 1350 6.78
1790885173 800 7.40
1790885183 800 7.85
1790885193 800 8.28
1790885203 1331 10.46
1790885213 800 9.23
1790885223 800 8.27
1790885233 800 9.77
1790885243 1350 10.00
1790885253 1350 9.15
1790885263 800 8.58
1790885273 800 10.02
1790885283 800 11.25
1790885293 1350 11.91
1790885303 1350 11.57
1790885313 800 11.46
1790885323 800 10.00
1790885333 800 10.27
1790885343 1350 9.08
1790885353 1350 9.43
1790885363 800 9.33
1790885373 800 9.55
1790885383 800 9.95
1790885393 1350 10.60
1790885403 800 9.43
1790885413 800 8.52
1790885423 800 8.96
1790885433 800 8.33
1790885443 1337 8.61
1790885453 800 7.75
1790885463 800 7.75
1790885473 800 8.22
1790885483 800 9.81
1790885493 1350 11.00
1790885503 1350 10.97
1790885513 800 9.67
1790885523 800 9.99
1790885533 800 9.94
1790885543 1350 10.30
1790885553 1350 9.32
1790885563 800 9.53
1790885573 800 8.68
1790885583 800 12.49
1790885593 800 12.28
1790885603 1312 12.04
1790885613 1350 11.98
1790885623 800 10.75
1790885633 800 10.84
1790885644 800 11.82
1790885654 1350 11.57
1790885664 1337 10.65
1790885674 800 10.67
1790885684 800 10.75
1790885694 800 10.68
1790885704 800 10.61
1790885714 1350 10.69
1790885724 1337 9.59
1790885734 800 8.65
1790885744 1350 9.13
1790885754 1318 9.76
1790885764 1350 11.11
1790885774 800 13.34
1790885784 1350 12.95
1790885794 1350 12.92
1790885804 1350 11.79
1790885814 800 10.45
1790885824 1350 12.24
1790885834 1350 11.56
1790885844 1350 11.43
1790885854 1337 10.21
1790885864 1350 11.26
1790885874 1350 10.43
1790885884 1350 9.29
1790885894 1350 9.44
1790885904 1350 8.45
1790885914 1350 8.18
1790885924 1306 7.38
1790885934 1350 6.71
1790885944 1350 6.14
1790885954 1350 7.00
1790885964 1343 8.24
1790885974 1350 7.99
1790885984 1350 8.30
1790885994 1350 7.63
1790886004 1350 6.92
1790886014 1350 6.32
1790886024 1350 5.88
1790886034 1350 7.10
1790886044 1350 8.02
1790886054 1350 8.61
1790886064 1350 7.82
1790886074 1350 7.08
1790886084 1350 6.53
1790886094 1350 6.55
1790886104 800 6.00
