1790852650 800 5.01
1790852652 800 4.69
1790852654 1350 4.69
1790852656 1350 4.69
1790852658 1350 4.95
1790852660 1343 4.95
1790852662 1343 4.72
1790852664 1350 4.72
1790852666 1350 4.72
1790852668 1350 4.42
1790852670 1350 4.42
1790852672 1350 4.15
1790852674 1350 4.15
1790852676 1350 4.15
1790852678 1350 3.89
1790852680 1350 3.89
1790852682 1350 3.66
1790852684 1350 3.66
1790852686 1350 3.66
1790852688 1350 3.53
1790852690 1350 3.53
1790852692 1331 3.33
1790852694 1331 3.33
1790852696 1350 3.33
1790852698 1350 3.14
1790852700 1350 3.14
1790852702 1343 3.05
1790852704 1350 3.05
1790852706 1350 3.05
1790852708 1350 2.88
1790852710 1318 2.88
1790852712 1350 2.73
1790852714 1343 2.73
1790852716 1343 2.73
1790852718 1350 2.59
1790852720 1337 2.59
1790852722 1350 2.47
1790852724 1343 2.47
1790852726 1350 2.47
1790852728 1331 2.51
1790852730 1325 2.51
1790852732 1343 2.39
1790852734 1350 2.39
1790852736 1350 2.39
1790852738 1343 2.28
1790852740 1325 2.28
1790852742 1350 2.17
1790852744 1350 2.17
1790852746 1350 2.17
1790852748 1312 2.08
1790852750 1350 2.08
1790852752 1350 1.99
1790852754 1350 1.99
1790852756 1350 1.99
1790852758 1350 1.91
1790852760 1337 1.91
1790852762 1350 1.92
1790852764 1343 1.92
1790852766 1343 1.92
1790852768 1325 1.85
1790852770 1343 1.85
1790852772 1343 1.78
1790852774 1343 1.78
1790852776 1343 1.78
1790852778 1350 1.72
1790852780 1337 1.72
1790852782 800 1.66
1790852784 800 1.66
1790852786 1350 1.66
1790852788 1350 1.61
1790852790 1350 1.61
1790852792 1337 1.56
1790852794 1350 1.56
1790852796 1350 1.56
1790852798 1350 1.51
1790852800 1350 1.51
1790852802 1343 1.47
1790852804 1350 1.47
1790852806 1331 1.47
1790852808 1350 1.43
1790852810 1350 1.43
1790852812 1343 1.40
1790852814 1350 1.40
1790852816 1350 1.40
1790852818 1325 1.45
1790852820 1350 1.45
1790852822 1331 1.49
1790852824 1350 1.49
1790852826 1350 1.49
1790852828 1331 1.45
1790852830 1343 1.45
1790852832 1337 1.50
1790852834 1350 1.50
1790852836 1350 1.50
1790852838 1350 1.46
1790852840 1331 1.46
1790852842 1350 1.42
1790852844 1350 1.42
1790852846 1331 1.42
1790852848 1350 1.63
1790852850 1350 1.63
1790852852 1350 1.58
1790852854 1350 1.58
1790852856 1350 1.58
1790852858 1350 1.61
1790852860 1350 1.61
1790852862 1331 1.56
1790852864 1350 1.56
1790852866 1350 1.56
1790852868 1343 1.52
1790852870 1331 1.52
1790852872 1350 1.47
1790852874 1343 1.47
1790852876 1343 1.47
1790852878 1318 1.44
1790852881 1350 1.44
1790852883 1337 1.48
1790852885 1331 1.48
1790852887 1350 1.48
1790852889 1343 1.52
1790852891 1350 1.52
1790852893 1350 2.60
1790852895 1350 2.60
1790852897 1325 2.47
1790852899 1350 2.47
1790852901 1350 2.47
1790852903 1337 2.36
1790852905 1350 2.36
1790852907 1350 2.33
1790852909 1350 2.33
1790852911 1350 2.33
1790852913 800 2.22
1790852915 800 2.22
1790852917 1350 2.12
1790852919 1350 2.12
1790852921 1350 2.12
1790852923 1350 2.03
1790852925 1350 2.03
1790852927 1350 1.95
1790852929 1350 1.95
1790852931 1350 1.95
1790852933 1350 1.87
1790852935 1350 1.87
1790852937 1350 1.80
1790852939 1350 1.80
1790852941 1350 1.80
1790852943 1343 1.74
1790852945 1343 1.74
1790852947 1350 1.68
1790852949 1337 1.68
1790852951 1343 1.68
1790852953 1350 1.95
1790852955 1343 1.95
1790852957 1350 1.95
1790852959 1350 1.95
1790852961 1350 1.95
1790852963 1350 1.87
1790852965 1350 1.87
1790852967 1350 1.80
1790852969 1350 1.80
1790852971 1343 1.80
1790852973 1350 1.74
1790852975 1350 1.74
1790852977 1331 1.76
1790852979 1350 1.76
1790852981 1343 1.76
1790852983 1350 1.70
1790852985 1350 1.70
1790852987 1350 2.12
1790852989 1350 2.12
1790852991 1331 2.12
1790852993 1343 2.03
1790852995 1350 2.03
1790852997 1343 2.27
1790852999 1350 2.27
1790853001 1325 2.27
1790853003 1350 2.33
1790853005 1331 2.33
1790853007 1350 2.30
1790853009 1350 2.30
1790853011 1350 2.30
1790853013 1337 2.44
1790853015 1343 2.44
1790853017 1350 2.40
1790853019 1343 2.40
1790853021 1350 2.40
1790853023 1350 2.37
1790853025 1350 2.37
1790853027 1343 2.26
1790853029 1331 2.26
1790853031 1331 2.26
1790853033 1350 2.16
1790853035 1350 2.16
1790853037 1343 2.15
1790853039 1343 2.15
1790853041 1331 2.15
1790853043 800 2.05
1790853045 800 2.05
1790853047 1350 1.97
1790853049 1350 1.97
1790853051 1350 1.97
1790853053 1350 2.53
1790853055 1350 2.53
1790853057 1350 2.65
1790853059 1350 2.65
1790853061 1350 2.65
1790853063 1343 2.52
1790853065 1350 2.52
1790853067 1350 2.40
1790853069 1350 2.40
1790853071 1350 2.40
1790853073 1350 2.28
1790853075 1350 2.28
1790853077 1350 2.18
1790853079 1325 2.18
1790853081 1318 2.18
1790853083 1343 2.17
1790853085 1350 2.17
1790853087 1350 2.07
1790853089 1350 2.07
1790853091 1312 2.07
1790853093 1343 1.99
1790853095 1337 1.99
1790853097 1343 1.91
1790853099 1337 1.91
1790853101 1350 1.91
1790853103 1350 3.12
1790853105 1325 3.12
1790853107 1350 3.19
1790853109 1350 3.19
1790853111 1343 3.19
1790853113 1343 3.01
1790853115 1350 3.01
1790853117 1343 2.85
1790853119 1331 2.85
1790853121 1350 2.85
1790853123 1318 2.70
1790853125 1350 2.70
1790853127 1350 2.57
1790853129 1331 2.57
1790853131 1343 2.57
1790853133 1337 3.00
1790853135 1343 3.00
1790853137 1343 2.92
1790853139 1350 2.92
1790853141 1350 2.92
1790853143 1350 4.13
1790853145 1350 4.13
1790853147 1350 3.96
1790853149 1343 3.96
1790853151 1350 3.96
1790853153 1350 4.60
1790853155 1350 4.60
1790853157 1350 6.16
1790853159 1350 6.16
1790853161 1350 6.16
1790853163 1343 6.38
1790853165 1331 6.38
1790853167 1350 7.07
1790853169 1350 7.07
1790853171 1350 7.07
1790853173 1350 7.39
1790853175 1337 7.39
1790853177 1350 7.52
1790853179 1350 7.52
1790853181 800 7.52
1790853183 800 7.40
1790853185 800 7.40
1790853187 800 7.60
1790853189 1350 7.60
1790853191 1350 7.60
1790853193 1350 7.80
1790853195 1350 7.80
1790853197 1350 7.89
1790853199 1350 7.89
1790853201 1350 7.89
1790853203 1350 7.42
1790853205 1343 7.42
1790853207 1350 7.55
1790853209 1350 7.55
1790853211 1350 7.55
1790853213 1350 7.10
1790853215 1350 7.10
1790853217 1350 7.26
1790853219 1350 7.26
1790853221 1350 7.26
1790853223 1350 7.48
1790853225 1350 7.48
1790853227 1350 7.04
1790853229 1325 7.04
1790853231 1350 7.04
1790853233 1350 6.87
1790853235 1350 6.87
1790853237 1306 6.56
1790853239 1325 6.56
1790853241 1343 6.56
1790853243 1318 6.20
1790853245 1325 6.20
1790853247 1350 5.86
1790853249 1350 5.86
1790853251 1350 5.86
1790853253 1350 5.79
1790853255 1337 5.79
1790853257 1343 5.41
1790853259 1325 5.41
1790853261 1350 5.41
1790853263 1350 6.02
1790853265 1350 6.02
1790853267 1350 5.61
1790853269 1350 5.61
1790853271 1350 5.61
1790853273 1343 5.24
1790853275 1350 5.24
1790853277 1343 4.90
1790853279 1331 4.90
1790853281 1350 4.90
1790853283 1350 4.59
1790853285 1350 4.59
1790853287 1350 4.62
1790853289 1350 4.62
1790853291 1325 4.62
1790853293 1343 4.33
1790853295 1331 4.33
1790853297 1350 4.07
1790853299 1350 4.07
1790853301 1325 4.07
1790853303 1350 3.82
1790853305 1331 3.82
1790853307 1350 3.60
1790853309 1350 3.60
1790853311 1350 3.60
1790853313 1350 3.47
1790853315 1343 3.47
1790853317 1350 3.27
1790853319 1350 3.27
1790853321 1350 3.27
1790853323 1350 3.09
1790853325 1337 3.09
1790853327 1350 2.92
1790853329 1350 2.92
1790853331 800 2.92
1790853333 800 2.77
1790853335 1350 2.77
1790853337 1350 2.62
1790853339 1350 2.62
1790853341 1325 2.62
1790853343 1350 3.06
1790853345 1350 3.06
1790853347 1350 2.97
1790853349 1350 2.97
1790853351 1350 2.97
1790853353 1350 2.81
1790853355 1343 2.81
1790853357 1350 2.67
1790853359 1350 2.67
1790853361 1350 2.67
1790853363 1325 2.53
1790853365 1350 2.53
1790853367 1350 2.49
1790853369 1343 2.49
1790853371 1350 2.49
1790853373 1350 2.53
1790853375 1343 2.53
1790853377 1350 2.41
1790853379 1350 2.41
1790853381 1337 2.41
1790853383 1350 2.29
1790853385 1350 2.29
1790853387 1350 2.19
1790853389 1350 2.19
1790853391 1337 2.19
1790853393 1350 2.10
1790853395 1350 2.10
1790853397 1350 2.01
1790853399 1337 2.01
1790853401 1350 2.01
1790853403 1350 1.93
1790853405 1350 1.93
1790853407 1350 1.93
1790853409 1337 1.93
1790853411 1343 1.93
1790853413 1350 1.86
1790853415 1337 1.86
1790853417 1337 1.79
1790853419 1325 1.79
1790853421 1343 1.79
1790853423 1350 1.73
1790853425 1350 1.73
1790853427 1343 1.67
1790853429 1350 1.67
1790853431 1350 1.67
1790853433 1350 1.69
1790853435 1350 1.69
1790853437 1350 3.00
1790853439 1343 3.00
1790853441 1350 3.00
1790853443 1343 3.24
1790853445 1343 3.24
1790853447 1350 3.06
1790853449 1350 3.06
1790853451 1337 3.06
1790853453 1350 2.90
1790853455 1350 2.90
1790853457 1318 2.74
1790853459 1337 2.74
1790853461 800 2.74
