1790850843 800 3.45
1790850845 800 3.45
1790850847 1350 3.42
1790850849 1350 3.42
1790850851 1350 3.46
1790850853 1350 3.46
1790850855 1350 3.46
1790850857 1350 4.23
1790850859 1350 4.23
1790850861 1350 4.13
1790850863 1343 4.13
1790850865 1350 4.13
1790850867 1350 4.52
1790850869 1350 4.52
1790850871 1350 5.20
1790850873 1350 5.20
1790850875 1350 5.20
1790850877 1350 5.10
1790850879 1350 5.10
1790850881 1350 5.25
1790850883 1325 5.25
1790850885 1350 5.25
1790850887 1350 5.07
1790850889 1350 5.07
1790850891 1350 5.07
1790850893 1350 5.07
1790850895 1331 5.07
1790850897 1350 4.90
1790850899 1337 4.90
1790850901 1350 4.75
1790850903 1350 4.75
1790850905 1350 4.75
1790850907 1331 4.61
1790850909 1343 4.61
1790850911 1350 4.48
1790850914 1331 4.48
1790850916 1350 4.48
1790850918 1337 4.36
1790850920 1350 4.36
1790850922 1343 4.81
1790850924 1350 4.81
1790850926 1331 4.81
1790850928 1350 4.59
1790850930 1337 4.59
1790850932 1325 5.50
1790850934 1350 5.50
1790850936 1350 5.50
1790850938 1350 5.22
1790850940 1350 5.22
1790850942 1350 5.28
1790850944 1343 5.28
1790850946 1350 5.28
1790850948 1350 5.02
1790850950 1350 5.02
1790850952 1350 4.86
1790850954 1337 4.86
1790850956 1343 4.86
1790850958 1350 4.79
1790850960 1350 4.79
1790850962 1350 4.57
1790850964 1331 4.57
1790850966 1350 4.57
1790850968 1350 4.36
1790850970 1350 4.36
1790850972 1350 4.17
1790850974 1350 4.17
1790850976 1350 4.17
1790850978 1350 4.00
1790850980 1350 4.00
1790850982 1350 4.16
1790850984 1331 4.16
1790850986 1343 4.16
1790850988 1337 3.98
1790850990 1350 3.98
1790850992 1350 4.07
1790850994 1350 4.07
1790850996 1350 4.07
1790850998 1343 3.90
1790851000 1343 3.90
1790851002 1350 3.75
1790851004 800 3.75
1790851006 800 3.75
1790851008 1350 3.61
1790851010 1350 3.61
1790851012 1350 3.80
1790851014 1350 3.80
1790851016 1350 3.80
1790851018 1350 3.74
1790851020 1350 3.74
1790851022 1350 3.52
1790851024 1350 3.52
1790851026 1350 3.52
1790851028 1350 3.39
1790851030 1350 3.39
1790851032 1343 3.44
1790851034 1350 3.44
1790851036 1350 3.44
1790851038 1350 3.33
1790851040 1350 3.33
1790851042 1337 3.22
1790851044 1350 3.22
1790851046 1343 3.22
1790851048 1350 3.12
1790851050 1350 3.12
1790851052 1350 3.03
1790851054 1343 3.03
1790851056 1350 3.03
1790851058 1325 3.59
1790851060 1350 3.59
1790851062 1350 4.83
1790851064 1350 4.83
1790851066 1350 4.83
1790851068 1350 4.60
1790851070 1350 4.60
1790851072 1350 5.03
1790851074 1343 5.03
1790851076 1350 5.03
1790851078 1350 4.79
1790851080 1350 4.79
1790851082 1350 4.89
1790851084 1350 4.89
1790851086 1325 4.89
1790851088 1343 4.89
1790851090 1343 4.89
1790851092 1350 5.06
1790851094 1350 5.06
1790851096 1350 5.06
1790851098 1350 4.82
1790851100 1325 4.82
1790851102 1350 4.59
1790851104 1331 4.59
1790851106 1350 4.59
1790851108 1350 4.86
1790851110 1331 4.86
1790851112 1343 5.04
1790851114 1350 5.04
1790851116 1343 5.04
1790851118 1343 5.35
1790851120 1350 5.35
1790851122 1350 5.08
1790851124 1350 5.08
1790851126 1350 5.08
1790851128 1325 5.16
1790851130 1350 5.16
1790851132 1350 6.43
1790851134 1325 6.43
1790851136 1343 6.43
1790851138 1343 6.23
1790851140 1350 6.23
1790851142 1343 6.29
1790851144 1350 6.29
1790851146 800 6.29
1790851148 800 5.95
1790851150 1350 5.95
1790851152 1350 6.91
1790851154 1350 6.91
1790851156 1350 6.91
1790851158 1350 6.84
1790851160 1350 6.84
1790851162 1337 6.53
1790851164 1350 6.53
1790851166 1350 6.53
1790851168 1350 6.89
1790851170 1350 6.89
1790851172 1343 6.50
1790851174 1350 6.50
1790851176 1350 6.50
1790851178 1350 6.14
1790851180 1350 6.14
1790851182 1350 5.81
1790851184 1343 5.81
1790851186 1350 5.81
1790851188 1331 5.50
1790851190 1325 5.50
1790851192 1350 6.34
1790851194 1350 6.34
1790851196 1350 6.34
1790851198 1343 6.00
1790851200 1350 6.00
1790851202 1350 5.67
1790851204 1350 5.67
1790851206 1325 5.67
1790851208 1350 5.38
1790851210 1350 5.38
1790851212 1318 6.55
1790851214 1350 6.55
1790851216 1350 6.55
1790851218 1350 6.43
1790851220 1350 6.43
1790851222 1337 6.07
1790851224 1350 6.07
1790851226 1350 6.07
1790851228 1343 5.83
1790851230 1350 5.83
1790851232 1325 5.52
1790851234 1350 5.52
1790851236 1350 7.72
1790851238 1350 7.72
1790851240 1343 7.72
1790851242 1350 8.30
1790851244 1350 8.30
1790851246 1350 7.80
1790851248 1350 7.80
1790851250 1350 7.80
1790851252 1350 7.33
1790851254 1350 7.33
1790851256 1350 9.23
1790851258 1350 9.23
1790851260 1350 9.23
1790851262 1350 9.13
1790851264 1350 9.13
1790851266 1350 9.84
1790851268 1350 9.84
1790851270 1350 9.84
1790851272 1343 10.90
1790851274 1350 10.90
1790851276 1343 11.54
1790851278 1325 11.54
1790851280 1343 11.54
1790851282 1350 11.26
1790851284 1343 11.26
1790851286 1350 10.92
1790851288 1350 10.92
1790851290 800 10.92
1790851292 800 10.29
1790851294 1350 10.29
1790851296 1350 11.06
1790851298 1350 11.06
1790851300 1350 11.06
1790851302 1350 10.42
1790851304 1325 10.42
1790851306 1350 10.30
1790851308 1350 10.30
1790851310 1350 10.30
1790851312 1350 9.96
1790851314 1350 9.96
1790851316 1350 9.40
1790851318 1350 9.40
1790851320 1350 9.40
1790851322 1350 9.29
1790851324 1350 9.29
1790851326 1350 8.79
1790851328 1350 8.79
1790851330 1350 8.79
1790851332 1350 9.20
1790851334 1350 9.20
1790851336 1350 9.19
1790851338 1350 9.19
1790851340 1350 9.19
1790851342 1350 9.89
1790851344 1350 9.89
1790851346 1337 10.54
1790851348 1350 10.54
1790851350 1343 10.54
1790851352 1350 9.94
1790851354 1331 9.94
1790851356 1350 10.58
1790851358 1343 10.58
1790851360 1325 10.58
1790851362 1350 10.14
1790851364 1331 10.14
1790851367 1350 9.81
1790851369 1350 9.81
1790851371 1325 9.81
1790851373 1350 9.26
1790851375 1350 9.26
1790851377 1350 8.84
1790851379 1350 8.84
1790851381 1337 8.84
1790851383 1350 9.49
1790851385 1325 9.49
1790851387 1325 8.97
1790851389 1350 8.97
1790851391 1350 8.97
1790851393 1337 8.49
1790851395 1350 8.49
1790851397 1325 8.45
1790851399 1350 8.45
1790851401 1343 8.45
1790851403 1343 8.26
1790851405 1350 8.26
1790851407 1318 9.12
1790851409 1318 9.12
1790851411 1350 9.12
1790851413 1325 10.07
1790851415 1350 10.07
1790851417 1331 9.98
1790851419 1350 9.98
1790851421 1350 9.98
1790851423 1350 9.98
1790851425 1331 9.98
1790851427 1350 9.43
1790851429 1306 9.43
1790851431 1350 9.43
1790851433 1350 9.15
1790851435 1350 9.15
1790851437 1350 9.14
1790851439 1350 9.14
1790851441 1350 9.14
1790851443 1343 8.65
1790851445 1350 8.65
1790851447 800 8.19
1790851449 800 8.19
1790851451 1350 8.19
1790851453 1350 7.70
1790851455 1350 7.70
1790851457 1350 7.40
1790851459 1350 7.40
1790851461 1350 7.40
1790851463 1350 7.29
1790851465 1350 7.29
1790851467 1350 7.35
1790851469 1350 7.35
1790851471 1350 7.35
1790851473 1343 7.56
1790851475 1350 7.56
1790851477 1350 7.27
1790851479 1350 7.27
1790851481 1350 7.27
1790851483 1350 7.49
1790851485 1331 7.49
1790851487 1350 7.37
1790851489 1350 7.37
1790851491 1350 7.37
1790851493 1343 7.26
1790851495 1350 7.26
1790851497 1331 6.92
1790851499 1343 6.92
1790851501 1318 6.92
1790851503 1350 6.61
1790851505 1343 6.61
1790851507 1350 6.48
1790851509 1331 6.48
1790851511 1350 6.48
1790851513 1350 6.20
1790851515 1350 6.20
1790851517 1331 7.46
1790851519 1343 7.46
1790851521 1325 7.46
1790851523 1350 7.27
1790851525 1337 7.27
1790851527 1350 7.00
1790851529 1350 7.00
1790851531 1325 7.00
1790851533 1350 7.65
1790851535 1350 7.65
1790851537 1350 8.88
1790851539 1337 8.88
1790851541 1337 8.88
1790851543 1350 9.61
1790851545 1350 9.61
1790851547 1350 10.76
1790851549 1350 10.76
1790851551 1350 10.76
1790851553 1350 11.50
1790851555 1331 11.50
1790851557 1350 10.82
1790851559 1331 10.82
1790851561 1343 10.82
1790851563 1350 12.52
1790851565 1343 12.52
1790851567 1337 11.75
1790851569 1350 11.75
1790851571 1337 11.75
1790851573 1343 13.21
1790851575 1337 13.21
1790851577 1350 12.64
1790851579 1350 12.64
1790851581 1350 12.64
1790851583 1337 11.86
1790851585 1350 11.86
1790851587 1350 13.40
1790851589 1350 13.40
1790851591 1350 13.40
1790851593 1325 13.36
1790851595 1350 13.36
1790851597 1350 12.53
1790851599 800 12.53
1790851601 800 12.53
1790851603 800 12.01
1790851605 800 12.01
1790851607 1350 11.29
1790851609 1350 11.29
1790851611 1343 11.29
1790851613 1350 10.71
1790851615 1350 10.71
1790851617 1350 10.09
1790851619 1343 10.09
1790851621 1350 10.09
1790851623 1350 9.52
1790851625 1350 9.52
1790851627 1350 10.12
1790851629 1350 10.12
1790851631 1350 10.12
1790851633 1350 9.55
1790851635 1350 9.55
1790851637 1350 9.67
1790851639 1350 9.67
1790851641 1350 9.67
1790851643 1343 10.33
1790851645 1343 10.33
1790851647 1350 9.91
1790851649 1350 9.91
1790851651 1350 9.91
1790851653 1343 10.55
1790851655 1350 10.55
1790851657 1343 9.95
1790851659 1350 9.95
1790851661 1350 9.71
1790851663 1343 9.71
1790851665 1325 9.71
1790851667 1343 9.50
1790851669 1350 9.50
1790851671 1343 8.97
1790851673 1350 8.97
1790851675 1350 8.97
1790851677 1350 9.86
1790851679 1350 9.86
1790851681 1343 9.31
1790851683 1350 9.31
1790851685 1350 9.31
1790851687 1318 10.09
1790851689 1350 10.09
1790851691 1331 10.48
1790851693 1343 10.48
1790851695 1350 10.48
1790851697 1350 9.88
1790851699 1350 9.88
1790851701 1350 9.57
1790851703 1331 9.57
1790851705 1350 9.57
1790851707 1350 9.84
1790851709 1331 9.84
1790851711 1350 9.38
1790851713 1343 9.38
1790851715 1343 9.38
1790851717 1350 8.86
1790851720 1350 8.86
1790851722 1350 9.60
1790851724 1325 9.60
1790851726 1350 9.60
1790851728 1350 9.63
1790851730 1350 9.63
1790851732 1350 9.74
1790851734 1343 9.74
1790851736 1350 9.74
1790851738 1350 9.28
1790851740 1337 9.28
1790851742 1331 8.78
1790851744 1350 8.78
1790851746 1350 8.78
1790851748 1350 10.80
1790851750 1350 10.80
1790851752 1350 10.73
1790851754 1350 10.73
1790851756 1343 10.73
1790851758 1350 10.11
1790851760 800 10.11
1790851762 800 9.78
