1790667585 800
1790667586 800
1790667587 800
1790667588 800
1790667589 800
1790667590 1350
1790667591 1350
1790667592 1350
1790667593 1350
1790667594 1350
1790667595 1331
1790667596 1337
1790667597 1350
1790667598 1350
1790667599 1350
1790667600 1350
1790667601 1337
1790667602 1350
1790667603 1350
1790667604 1343
1790667605 800
1790667606 800
1790667607 800
1790667608 800
1790667609 800
1790667610 800
1790667611 1350
1790667612 1350
1790667613 1350
1790667614 1300
1790667615 1331
1790667616 1343
1790667617 1343
1790667618 1300
1790667619 1350
1790667620 1350
1790667621 1350
1790667622 1350
1790667623 1350
1790667624 1350
1790667625 1350
1790667627 1325
1790667628 1337
1790667629 1350
1790667630 1331
1790667631 1325
1790667632 1350
1790667633 800
1790667634 800
