1790668127 800
1790668128 800
1790668129 800
1790668130 800
1790668131 800
1790668132 1350
1790668133 1350
1790668134 1350
1790668135 1350
1790668136 1337
1790668137 1337
1790668138 1350
1790668139 1350
1790668140 1350
1790668141 1350
1790668142 1350
1790668143 1350
1790668144 1350
1790668145 1350
1790668146 1343
1790668147 800
1790668148 800
1790668149 800
1790668150 800
1790668151 800
1790668152 1350
1790668153 1350
1790668154 1350
1790668155 1350
1790668156 1337
1790668157 1343
1790668158 1325
1790668159 1325
1790668160 1325
1790668161 1350
1790668162 1337
1790668163 1325
1790668164 1350
1790668165 1350
1790668166 1350
1790668167 1343
1790668168 1350
1790668169 1350
1790668170 1343
1790668171 1343
1790668172 1318
1790668173 1350
1790668174 800
1790668175 800
