1790667747 800
1790667748 800
1790667749 800
1790667750 800
1790667751 800
1790667752 1350
1790667753 1350
1790667754 1337
1790667755 1350
1790667756 1350
1790667757 1350
1790667758 1350
1790667759 1350
1790667760 1350
1790667761 1350
1790667762 1350
1790667763 1337
1790667764 1350
1790667765 1350
1790667766 1325
1790667767 800
1790667768 800
1790667769 800
1790667770 800
1790667771 800
1790667772 1350
1790667773 1350
1790667774 1350
1790667775 1350
1790667776 1343
1790667777 1318
1790667778 1300
1790667779 1350
1790667780 1312
1790667781 1350
1790667782 1325
1790667783 1350
1790667784 1350
1790667785 1350
1790667786 1350
1790667787 1350
1790667788 1350
1790667789 1350
1790667790 1350
1790667791 1350
1790667792 1343
1790667793 1350
1790667794 800
1790667795 800
