
### avg  warmup=20 accum=4 rho=0.005 scope=4147 tensors / 368293788 elements
  feedback share of drive norm: k=2:0.0011, k=10:0.0611, k=20:0.5064
  growth k2..20 exponent +1.2666 r2 0.9639 bit-identical rungs dropped 0
  k       rel_d      floor   x floor     median        p90      worst      rel_w  bitid     our_lr   their_lr
  1  0.0000e+00  0.000e+00 0.000e+00  0.000e+00  0.000e+00  0.000e+00  0.000e+00   4147 0.0000e+00 0.0000e+00
  2  8.7149e-03  5.028e-04 1.733e+01  8.940e-03  9.010e-03  1.130e-02  1.461e-06     96 9.0000e-05 9.0000e-05
  3  6.0597e-03  1.803e-04 3.360e+01  2.010e-03  1.291e-02  5.762e-02  2.834e-06     88 1.8000e-04 1.8000e-04
  4  9.8814e-03  9.078e-05 1.088e+02  3.094e-03  2.115e-02  6.081e-02  9.183e-06     87 2.7000e-04 2.7000e-04
  5  1.4974e-02  5.527e-05 2.710e+02  7.298e-03  2.970e-02  1.353e-01  2.287e-05     82 3.6000e-04 3.6000e-04
  6  1.9869e-02  3.687e-05 5.390e+02  9.702e-03  3.686e-02  1.009e-01  4.554e-05     81 4.5000e-04 4.5000e-04
  7  2.4983e-02  2.645e-05 9.446e+02  1.281e-02  4.439e-02  2.034e-01  7.988e-05     80 5.4000e-04 5.4000e-04
  8  3.0103e-02  1.983e-05 1.518e+03  1.554e-02  4.986e-02  1.096e+00  1.285e-04     77 6.3000e-04 6.3000e-04
  9  3.5317e-02  1.542e-05 2.291e+03  1.826e-02  5.682e-02  2.900e-01  1.941e-04     77 7.2000e-04 7.2000e-04
 10  4.0581e-02  1.230e-05 3.298e+03  2.055e-02  6.284e-02  2.754e-01  2.799e-04     77 8.1000e-04 8.1000e-04
 11  4.5912e-02  1.006e-05 4.563e+03  2.265e-02  7.029e-02  4.729e-01  3.878e-04     77 9.0000e-04 9.0000e-04
 12  5.1327e-02  8.395e-06 6.114e+03  2.411e-02  7.691e-02  4.538e-01  5.206e-04     77 9.9000e-04 9.9000e-04
 13  5.6850e-02  7.115e-06 7.990e+03  2.502e-02  8.320e-02  3.842e-01  6.816e-04     74 1.0800e-03 1.0800e-03
 14  6.2513e-02  6.101e-06 1.025e+04  2.652e-02  8.985e-02  7.245e-01  8.758e-04     74 1.1700e-03 1.1700e-03
 15  6.8245e-02  5.287e-06 1.291e+04  2.852e-02  9.552e-02  5.537e-01  1.106e-03     74 1.2600e-03 1.2600e-03
 16  7.4022e-02  4.625e-06 1.600e+04  3.063e-02  1.016e-01  6.747e-01  1.374e-03     74 1.3500e-03 1.3500e-03
 17  7.9844e-02  4.078e-06 1.958e+04  3.286e-02  1.074e-01  7.909e-01  1.685e-03     74 1.4400e-03 1.4400e-03
 18  8.5692e-02  3.620e-06 2.367e+04  3.508e-02  1.137e-01  1.396e+00  2.043e-03     74 1.5300e-03 1.5300e-03
 19  9.1541e-02  3.239e-06 2.826e+04  3.718e-02  1.198e-01  1.091e+00  2.446e-03     74 1.6200e-03 1.6200e-03
 20  9.7413e-02  2.915e-06 3.341e+04  3.987e-02  1.262e-01  1.246e+00  2.900e-03     74 1.7100e-03 1.7100e-03
  worst tensor over k>=2: pairformer_stack.blocks.40.single_transition.layer_norm.bias  1.396004e+00 at k=18
  d20 worst tensor: pairformer_stack.blocks.18.single_transition.linear_out.weight 1.246212e+00
  tensors scored at k=20: 4073, zero-reference 74
  their participation spread at k=20: [1, 4]
  our k=20 clip=1.0 per_sample=True grad_norm=3.9718e+00 per_sample_coefs=[1.0, 1.0, 1.0, 1.0]
  their k=20 per-sample clip coefs: [1.0, 1.0, 1.0, 1.0]

### avgstale  warmup=20 accum=4 rho=0.005 scope=4147 tensors / 368293788 elements
  feedback share of drive norm: k=2:0.0011, k=10:0.0611, k=20:0.5064
  growth k2..20 exponent +0.1359 r2 0.0387 bit-identical rungs dropped 0
  k       rel_d      floor   x floor     median        p90      worst      rel_w  bitid     our_lr   their_lr
  1  0.0000e+00  0.000e+00 0.000e+00  0.000e+00  0.000e+00  0.000e+00  0.000e+00   4147 0.0000e+00 0.0000e+00
  2  8.0357e-02  5.028e-04 1.598e+02  7.132e-02  1.117e-01  1.000e+00  1.347e-05     81 9.0000e-05 9.0000e-05
  3  1.1731e-01  1.803e-04 6.505e+02  7.883e-02  2.264e-01  1.032e+00  5.486e-05     79 1.8000e-04 1.8000e-04
  4  4.3605e-02  9.078e-05 4.803e+02  3.400e-02  1.016e-01  2.500e+01  4.053e-05     79 2.7000e-04 2.7000e-04
  5  3.5010e-02  5.527e-05 6.335e+02  3.038e-02  8.942e-02  2.176e+01  5.348e-05     79 3.6000e-04 3.6000e-04
  6  3.0797e-02  3.687e-05 8.354e+02  1.531e-02  1.172e-01  1.504e+01  7.058e-05     78 4.5000e-04 4.5000e-04
  7  2.4785e-02  2.645e-05 9.371e+02  1.447e-02  7.883e-02  1.099e+01  7.925e-05     78 5.4000e-04 5.4000e-04
  8  2.8729e-02  1.983e-05 1.448e+03  1.561e-02  9.211e-02  2.785e+01  1.226e-04     76 6.3000e-04 6.3000e-04
  9  3.3192e-02  1.542e-05 2.153e+03  1.979e-02  1.007e-01  3.806e+00  1.825e-04     76 7.2000e-04 7.2000e-04
 10  4.0939e-02  1.230e-05 3.327e+03  2.888e-02  1.155e-01  2.978e+00  2.824e-04     75 8.1000e-04 8.1000e-04
 11  4.3885e-02  1.006e-05 4.361e+03  2.841e-02  9.540e-02  2.201e+00  3.707e-04     75 9.0000e-04 9.0000e-04
 12  4.8415e-02  8.395e-06 5.767e+03  2.522e-02  1.140e-01  2.399e+00  4.911e-04     75 9.9000e-04 9.9000e-04
 13  5.3746e-02  7.115e-06 7.554e+03  2.503e-02  1.127e-01  1.902e+00  6.444e-04     74 1.0800e-03 1.0800e-03
 14  5.9749e-02  6.101e-06 9.793e+03  2.659e-02  1.035e-01  2.410e+00  8.371e-04     74 1.1700e-03 1.1700e-03
 15  6.5831e-02  5.287e-06 1.245e+04  3.105e-02  1.085e-01  2.407e+00  1.067e-03     74 1.2600e-03 1.2600e-03
 16  7.1707e-02  4.625e-06 1.550e+04  3.220e-02  1.109e-01  1.822e+00  1.331e-03     74 1.3500e-03 1.3500e-03
 17  7.8044e-02  4.078e-06 1.914e+04  4.056e-02  1.276e-01  2.746e+00  1.647e-03     74 1.4400e-03 1.4400e-03
 18  8.4190e-02  3.620e-06 2.326e+04  4.648e-02  1.207e-01  2.725e+00  2.007e-03     74 1.5300e-03 1.5300e-03
 19  8.9944e-02  3.239e-06 2.777e+04  4.445e-02  1.395e-01  2.457e+00  2.403e-03     74 1.6200e-03 1.6200e-03
 20  9.5907e-02  2.915e-06 3.290e+04  4.933e-02  1.485e-01  2.164e+00  2.856e-03     74 1.7100e-03 1.7100e-03
  worst tensor over k>=2: input_embedder.atom_attn_enc.atom_transformer.blocks.0.attention_pair_bias.layer_norm_a_q.layer_norm_s.weight  2.784876e+01 at k=8
  d20 worst tensor: aux_heads.pairformer_embedding.pairformer_stack.blocks.2.pair_stack.tri_mul_in.layer_norm_in.bias 2.163756e+00
  tensors scored at k=20: 4073, zero-reference 74
  their participation spread at k=20: [1, 4]
  our k=20 clip=1.0 per_sample=True grad_norm=3.4584e+00 per_sample_coefs=[1.0, 1.0, 1.0, 1.0]
  their k=20 per-sample clip coefs: [1.0, 1.0, 1.0, 1.0]

### miswire  warmup=20 accum=4 rho=0.005 scope=4147 tensors / 368293788 elements
  feedback share of drive norm: k=2:0.0011, k=10:0.0611, k=20:0.5064
  growth k2..20 exponent -0.7071 r2 0.8783 bit-identical rungs dropped 0
  k       rel_d      floor   x floor     median        p90      worst      rel_w  bitid     our_lr   their_lr
  1  1.4065e+30  0.000e+00 0.000e+00  0.000e+00  0.000e+00  0.000e+00  1.829e-04      0 9.0000e-05 0.0000e+00
  2  2.2552e+00  5.028e-04 4.485e+03  2.217e+00  2.473e+00  8.758e+07  3.782e-04      0 1.8000e-04 9.0000e-05
  3  1.2282e+00  1.803e-04 6.811e+03  1.233e+00  1.676e+00  2.742e+07  5.744e-04      0 2.7000e-04 1.8000e-04
  4  8.7397e-01  9.078e-05 9.627e+03  8.556e-01  1.230e+00  6.218e+07  8.122e-04      0 3.6000e-04 2.7000e-04
  5  6.7744e-01  5.527e-05 1.226e+04  6.726e-01  1.013e+00  6.424e+09  1.035e-03      0 4.5000e-04 3.6000e-04
  6  5.7158e-01  3.687e-05 1.550e+04  5.492e-01  9.379e-01  1.179e+09  1.310e-03      0 5.4000e-04 4.5000e-04
  7  4.9833e-01  2.645e-05 1.884e+04  4.702e-01  9.053e-01  2.703e+07  1.593e-03      0 6.3000e-04 5.4000e-04
  8  4.5552e-01  1.983e-05 2.297e+04  4.100e-01  8.849e-01  2.495e+07  1.944e-03      0 7.2000e-04 6.3000e-04
  9  4.2652e-01  1.542e-05 2.766e+04  3.626e-01  8.014e-01  2.906e+06  2.345e-03      0 8.1000e-04 7.2000e-04
 10  4.0769e-01  1.230e-05 3.313e+04  3.247e-01  7.811e-01  1.316e+06  2.812e-03      0 9.0000e-04 8.1000e-04
 11  3.9222e-01  1.006e-05 3.898e+04  2.950e-01  8.055e-01  1.001e+05  3.313e-03      0 9.9000e-04 9.0000e-04
 12  3.8062e-01  8.395e-06 4.534e+04  2.717e-01  8.098e-01  4.460e+04  3.861e-03      0 1.0800e-03 9.9000e-04
 13  3.7267e-01  7.115e-06 5.238e+04  2.537e-01  8.549e-01  4.585e+03  4.468e-03      0 1.1700e-03 1.0800e-03
 14  3.6855e-01  6.101e-06 6.041e+04  2.399e-01  9.112e-01  2.477e+03  5.163e-03      0 1.2600e-03 1.1700e-03
 15  3.6659e-01  5.287e-06 6.934e+04  2.264e-01  7.859e-01  1.314e+03  5.940e-03      0 1.3500e-03 1.2600e-03
 16  3.6598e-01  4.625e-06 7.913e+04  2.151e-01  7.707e-01  6.933e+02  6.794e-03      0 1.4400e-03 1.3500e-03
 17  3.6633e-01  4.078e-06 8.984e+04  2.059e-01  7.933e-01  3.739e+02  7.733e-03      0 1.5300e-03 1.4400e-03
 18  3.6725e-01  3.620e-06 1.014e+05  1.954e-01  7.241e-01  2.135e+02  8.755e-03      0 1.6200e-03 1.5300e-03
 19  3.6784e-01  3.239e-06 1.136e+05  1.890e-01  8.314e-01  1.762e+02  9.829e-03      0 1.7100e-03 1.6200e-03
 20  3.6934e-01  2.915e-06 1.267e+05  1.843e-01  8.159e-01  1.627e+02  1.100e-02      0 1.8000e-03 1.7100e-03
  worst tensor over k>=2: input_embedder.atom_attn_enc.atom_transformer.blocks.0.attention_pair_bias.layer_norm_a_q.linear_g.weight  6.423773e+09 at k=5
  d20 worst tensor: input_embedder.atom_attn_enc.atom_transformer.blocks.0.conditioned_transition.layer_norm.linear_g.weight 1.627333e+02
  tensors scored at k=20: 4073, zero-reference 74
  their participation spread at k=20: [1, 4]
  our k=20 clip=0.6229739066380733 per_sample=False grad_norm=1.6052e+01 per_sample_coefs=None
  their k=20 per-sample clip coefs: [1.0, 1.0, 1.0, 1.0]

### scaled  warmup=20 accum=4 rho=0.005 scope=4147 tensors / 368293788 elements
  feedback share of drive norm: k=2:0.0011, k=10:0.0611, k=20:0.5064
  growth k2..20 exponent +0.4063 r2 0.9667 bit-identical rungs dropped 0
  k       rel_d      floor   x floor     median        p90      worst      rel_w  bitid     our_lr   their_lr
  1  0.0000e+00  0.000e+00 0.000e+00  0.000e+00  0.000e+00  0.000e+00  0.000e+00   4147 0.0000e+00 0.0000e+00
  2  1.0844e-01  5.028e-04 2.157e+02  7.420e-02  2.164e-01  1.507e+06  1.818e-05      0 9.0000e-05 9.0000e-05
  3  1.5334e-01  1.803e-04 8.503e+02  1.193e-01  3.141e-01  3.241e+06  7.171e-05      0 1.8000e-04 1.8000e-04
  4  1.5995e-01  9.078e-05 1.762e+03  1.170e-01  3.859e-01  2.566e+07  1.487e-04      0 2.7000e-04 2.7000e-04
  5  1.5155e-01  5.527e-05 2.742e+03  1.219e-01  4.282e-01  5.501e+09  2.315e-04      0 3.6000e-04 3.6000e-04
  6  1.6973e-01  3.687e-05 4.604e+03  1.141e-01  5.314e-01  7.328e+08  3.890e-04      0 4.5000e-04 4.5000e-04
  7  1.7474e-01  2.645e-05 6.607e+03  1.113e-01  5.251e-01  1.817e+07  5.587e-04      0 5.4000e-04 5.4000e-04
  8  1.8886e-01  1.983e-05 9.522e+03  1.040e-01  5.791e-01  1.354e+07  8.061e-04      0 6.3000e-04 6.3000e-04
  9  2.0125e-01  1.542e-05 1.305e+04  9.597e-02  5.669e-01  1.527e+06  1.106e-03      0 7.2000e-04 7.2000e-04
 10  2.1353e-01  1.230e-05 1.735e+04  8.667e-02  5.525e-01  6.685e+05  1.473e-03      0 8.1000e-04 8.1000e-04
 11  2.2343e-01  1.006e-05 2.220e+04  8.029e-02  6.046e-01  9.983e+04  1.887e-03      0 9.0000e-04 9.0000e-04
 12  2.3195e-01  8.395e-06 2.763e+04  7.646e-02  6.103e-01  1.970e+04  2.353e-03      0 9.9000e-04 9.9000e-04
 13  2.4050e-01  7.115e-06 3.380e+04  7.489e-02  6.593e-01  5.753e+03  2.883e-03      0 1.0800e-03 1.0800e-03
 14  2.4937e-01  6.101e-06 4.087e+04  7.463e-02  6.785e-01  1.964e+03  3.494e-03      0 1.1700e-03 1.1700e-03
 15  2.5804e-01  5.287e-06 4.881e+04  7.423e-02  6.136e-01  1.066e+03  4.181e-03      0 1.2600e-03 1.2600e-03
 16  2.6625e-01  4.625e-06 5.756e+04  7.367e-02  6.348e-01  5.734e+02  4.942e-03      0 1.3500e-03 1.3500e-03
 17  2.7404e-01  4.078e-06 6.721e+04  7.246e-02  6.399e-01  3.144e+02  5.785e-03      0 1.4400e-03 1.4400e-03
 18  2.8147e-01  3.620e-06 7.775e+04  7.094e-02  5.934e-01  1.821e+02  6.710e-03      0 1.5300e-03 1.5300e-03
 19  2.8764e-01  3.239e-06 8.881e+04  7.100e-02  6.917e-01  1.558e+02  7.686e-03      0 1.6200e-03 1.6200e-03
 20  2.9383e-01  2.915e-06 1.008e+05  7.208e-02  6.683e-01  1.450e+02  8.749e-03      0 1.7100e-03 1.7100e-03
  worst tensor over k>=2: input_embedder.atom_attn_enc.atom_transformer.blocks.0.attention_pair_bias.layer_norm_a_q.linear_g.weight  5.500765e+09 at k=5
  d20 worst tensor: input_embedder.atom_attn_enc.atom_transformer.blocks.0.conditioned_transition.layer_norm.linear_g.weight 1.449543e+02
  tensors scored at k=20: 4073, zero-reference 74
  their participation spread at k=20: [1, 4]
  our k=20 clip=0.6289851370826104 per_sample=False grad_norm=1.5899e+01 per_sample_coefs=None
  their k=20 per-sample clip coefs: [1.0, 1.0, 1.0, 1.0]

### shipped  warmup=1000 accum=1 rho=5.0 scope=4147 tensors / 368293788 elements
  feedback share of drive norm: k=2:0.0172, k=10:0.7315, k=20:0.9935
  growth k2..20 exponent +1.1165 r2 0.9430 bit-identical rungs dropped 0
  k       rel_d      floor   x floor     median        p90      worst      rel_w  bitid     our_lr   their_lr
  1  0.0000e+00  0.000e+00 0.000e+00  0.000e+00  0.000e+00  0.000e+00  0.000e+00   4147 0.0000e+00 0.0000e+00
  2  1.5224e-02  2.603e-02 5.848e-01  1.617e-02  2.262e-02  8.836e+00  4.930e-08    329 1.8000e-06 1.8000e-06
  3  4.0778e-02  9.485e-03 4.299e+00  1.646e-02  7.459e-02  6.607e+04  3.624e-07    243 3.6000e-06 3.6000e-06
  4  6.5149e-02  5.167e-03 1.261e+01  1.642e-02  1.519e-01  1.567e+04  1.063e-06      0 5.4000e-06 5.4000e-06
  5  8.0304e-02  3.196e-03 2.513e+01  1.835e-02  5.073e-01  1.301e+02  2.118e-06      0 7.2000e-06 7.2000e-06
  6  1.0330e-01  2.165e-03 4.771e+01  2.099e-02  6.792e-01  4.530e+02  4.022e-06      0 9.0000e-06 9.0000e-06
  7  1.2600e-01  1.551e-03 8.124e+01  2.632e-02  7.151e-01  1.784e+02  6.848e-06      0 1.0800e-05 1.0800e-05
  8  1.4601e-01  1.159e-03 1.260e+02  3.110e-02  5.425e-01  1.408e+07  1.062e-05      0 1.2600e-05 1.2600e-05
  9  1.6387e-01  8.939e-04 1.833e+02  3.642e-02  5.649e-01  1.222e+04  1.545e-05      0 1.4400e-05 1.4400e-05
 10  1.7968e-01  7.102e-04 2.530e+02  4.037e-02  6.523e-01  2.496e+02  2.133e-05      0 1.6200e-05 1.6200e-05
 11  1.9314e-01  5.740e-04 3.365e+02  4.609e-02  7.392e-01  1.065e+09  2.837e-05      0 1.8000e-05 1.8000e-05
 12  2.0402e-01  4.756e-04 4.289e+02  5.182e-02  6.171e-01  4.766e+06  3.616e-05      0 1.9800e-05 1.9800e-05
 13  2.1480e-01  4.004e-04 5.365e+02  5.992e-02  7.194e-01  2.111e+04  4.523e-05      0 2.1600e-05 2.1600e-05
 14  2.2530e-01  3.411e-04 6.604e+02  6.674e-02  7.054e-01  1.546e+03  5.568e-05      0 2.3400e-05 2.3400e-05
 15  2.3554e-01  2.937e-04 8.019e+02  7.243e-02  7.235e-01  8.834e+02  6.761e-05      0 2.5200e-05 2.5200e-05
 16  2.4376e-01  2.550e-04 9.558e+02  8.120e-02  6.108e-01  1.142e+03  8.059e-05      0 2.7000e-05 2.7000e-05
 17  2.5268e-01  2.230e-04 1.133e+03  8.895e-02  6.156e-01  4.777e+02  9.554e-05      0 2.8800e-05 2.8800e-05
 18  2.6085e-01  1.964e-04 1.328e+03  9.604e-02  6.614e-01  3.982e+02  1.120e-04      0 3.0600e-05 3.0600e-05
 19  2.6769e-01  1.740e-04 1.538e+03  9.950e-02  6.972e-01  3.447e+02  1.297e-04      0 3.2400e-05 3.2400e-05
 20  2.7280e-01  1.552e-04 1.758e+03  9.255e-02  7.627e-01  3.093e+02  1.483e-04      0 3.4200e-05 3.4200e-05
  worst tensor over k>=2: input_embedder.atom_attn_enc.atom_transformer.blocks.0.conditioned_transition.layer_norm.linear_s.weight  1.065341e+09 at k=11
  d20 worst tensor: input_embedder.atom_attn_enc.atom_transformer.blocks.0.conditioned_transition.layer_norm.linear_s.weight 3.092732e+02
  tensors scored at k=20: 4064, zero-reference 83
  their participation spread at k=20: [1]
  our k=20 clip=0.48437966845416586 per_sample=False grad_norm=2.0645e+01 per_sample_coefs=None
  their k=20 per-sample clip coefs: [0.545381]

### shipped  warmup=1000 accum=1 rho=0.05 scope=4147 tensors / 368293788 elements
  feedback share of drive norm: k=2:0.0002, k=10:0.0131, k=20:0.1108
  growth k2..20 exponent +1.4274 r2 0.9513 bit-identical rungs dropped 0
  k       rel_d      floor   x floor     median        p90      worst      rel_w  bitid     our_lr   their_lr
  1  0.0000e+00  0.000e+00 0.000e+00  0.000e+00  0.000e+00  0.000e+00  0.000e+00   4147 0.0000e+00 0.0000e+00
  2  1.5224e-02  2.603e-02 5.848e-01  1.617e-02  2.262e-02  8.836e+00  4.930e-08    329 1.8000e-06 1.8000e-06
  3  1.4747e-02  8.552e-03 1.724e+00  1.475e-02  1.976e-02  2.347e+07  1.454e-07    243 3.6000e-06 3.6000e-06
  4  1.4082e-02  4.468e-03 3.152e+00  1.131e-02  3.093e-02  3.006e+07  2.657e-07      0 5.4000e-06 5.4000e-06
  5  2.2249e-02  2.740e-03 8.120e+00  8.895e-03  1.009e-01  2.716e+07  6.845e-07      0 7.2000e-06 7.2000e-06
  6  3.5523e-02  1.882e-03 1.887e+01  9.868e-03  1.730e-01  1.781e+07  1.591e-06      0 9.0000e-06 9.0000e-06
  7  5.0522e-02  1.348e-03 3.747e+01  1.158e-02  2.479e-01  7.604e+06  3.158e-06      0 1.0800e-05 1.0800e-05
  8  6.5726e-02  1.003e-03 6.551e+01  1.276e-02  3.007e-01  1.102e+07  5.522e-06      0 1.2600e-05 1.2600e-05
  9  8.2402e-02  7.703e-04 1.070e+02  1.174e-02  3.266e-01  9.120e+05  9.018e-06      0 1.4400e-05 1.4400e-05
 10  9.8108e-02  6.116e-04 1.604e+02  1.255e-02  3.587e-01  9.817e+04  1.352e-05      0 1.6200e-05 1.6200e-05
 11  1.1227e-01  4.945e-04 2.270e+02  1.360e-02  4.031e-01  4.112e+08  1.914e-05      0 1.8000e-05 1.8000e-05
 12  1.2468e-01  4.128e-04 3.021e+02  1.418e-02  4.314e-01  1.568e+08  2.547e-05      0 1.9800e-05 1.9800e-05
 13  1.3819e-01  3.512e-04 3.935e+02  1.447e-02  4.711e-01  4.697e+07  3.318e-05      0 2.1600e-05 2.1600e-05
 14  1.5105e-01  3.025e-04 4.993e+02  1.494e-02  5.213e-01  1.298e+07  4.210e-05      0 2.3400e-05 2.3400e-05
 15  1.6340e-01  2.634e-04 6.203e+02  1.584e-02  5.454e-01  3.360e+06  5.230e-05      0 2.5200e-05 2.5200e-05
 16  1.7451e-01  2.315e-04 7.537e+02  1.734e-02  5.192e-01  8.199e+05  6.356e-05      0 2.7000e-05 2.7000e-05
 17  1.8629e-01  2.050e-04 9.089e+02  1.944e-02  5.615e-01  1.905e+05  7.664e-05      0 2.8800e-05 2.8800e-05
 18  1.9796e-01  1.829e-04 1.082e+03  2.234e-02  6.089e-01  4.295e+04  9.125e-05      0 3.0600e-05 3.0600e-05
 19  2.0768e-01  1.633e-04 1.272e+03  2.308e-02  6.096e-01  1.362e+04  1.073e-04      0 3.2400e-05 3.2400e-05
 20  2.1633e-01  1.468e-04 1.473e+03  2.446e-02  5.597e-01  3.918e+03  1.243e-04      0 3.4200e-05 3.4200e-05
  worst tensor over k>=2: input_embedder.atom_attn_enc.atom_transformer.blocks.0.conditioned_transition.layer_norm.linear_s.weight  4.112472e+08 at k=11
  d20 worst tensor: input_embedder.atom_attn_enc.atom_transformer.blocks.0.conditioned_transition.layer_norm.linear_s.weight 3.918208e+03
  tensors scored at k=20: 4064, zero-reference 83
  their participation spread at k=20: [1]
  our k=20 clip=1.0 per_sample=False grad_norm=1.9619e+00 per_sample_coefs=None
  their k=20 per-sample clip coefs: [1.0]

### shipped  warmup=1000 accum=1 rho=0.5 scope=4147 tensors / 368293788 elements
  feedback share of drive norm: k=2:0.0017, k=10:0.1184, k=20:0.7239
  growth k2..20 exponent +1.2750 r2 0.9777 bit-identical rungs dropped 0
  k       rel_d      floor   x floor     median        p90      worst      rel_w  bitid     our_lr   their_lr
  1  0.0000e+00  0.000e+00 0.000e+00  0.000e+00  0.000e+00  0.000e+00  0.000e+00   4147 0.0000e+00 0.0000e+00
  2  1.5224e-02  2.603e-02 5.848e-01  1.617e-02  2.262e-02  8.836e+00  4.930e-08    329 1.8000e-06 1.8000e-06
  3  2.0650e-02  8.766e-03 2.356e+00  1.516e-02  3.604e-02  7.069e+05  1.986e-07    243 3.6000e-06 3.6000e-06
  4  3.7183e-02  4.633e-03 8.026e+00  1.222e-02  8.441e-02  4.949e+05  6.766e-07      0 5.4000e-06 5.4000e-06
  5  5.3788e-02  2.859e-03 1.882e+01  1.071e-02  3.556e-01  4.322e+04  1.586e-06      0 7.2000e-06 7.2000e-06
  6  7.2023e-02  1.960e-03 3.674e+01  1.198e-02  4.448e-01  1.129e+03  3.097e-06      0 9.0000e-06 9.0000e-06
  7  9.3324e-02  1.411e-03 6.614e+01  1.436e-02  5.490e-01  9.503e+01  5.575e-06      0 1.0800e-05 1.0800e-05
  8  1.1225e-01  1.057e-03 1.062e+02  1.737e-02  4.125e-01  1.816e+07  8.957e-06      0 1.2600e-05 1.2600e-05
  9  1.3005e-01  8.158e-04 1.594e+02  1.924e-02  5.300e-01  1.244e+05  1.344e-05      0 1.4400e-05 1.4400e-05
 10  1.4638e-01  6.507e-04 2.250e+02  2.026e-02  6.308e-01  1.145e+03  1.896e-05      0 1.6200e-05 1.6200e-05
 11  1.6037e-01  5.277e-04 3.039e+02  2.232e-02  7.065e-01  9.202e+08  2.562e-05      0 1.8000e-05 1.8000e-05
 12  1.7269e-01  4.406e-04 3.920e+02  2.465e-02  5.263e-01  4.036e+07  3.305e-05      0 1.9800e-05 1.9800e-05
 13  1.8537e-01  3.741e-04 4.956e+02  2.651e-02  6.186e-01  1.613e+06  4.178e-05      0 2.1600e-05 2.1600e-05
 14  1.9746e-01  3.212e-04 6.147e+02  2.882e-02  6.712e-01  6.146e+04  5.183e-05      0 2.3400e-05 2.3400e-05
 15  2.0897e-01  2.786e-04 7.502e+02  3.146e-02  7.027e-01  3.621e+03  6.325e-05      0 2.5200e-05 2.5200e-05
 16  2.1875e-01  2.436e-04 8.979e+02  3.441e-02  5.694e-01  1.311e+03  7.571e-05      0 2.7000e-05 2.7000e-05
 17  2.2911e-01  2.146e-04 1.068e+03  3.752e-02  6.351e-01  8.080e+02  9.004e-05      0 2.8800e-05 2.8800e-05
 18  2.3914e-01  1.903e-04 1.256e+03  4.071e-02  6.702e-01  5.939e+02  1.060e-04      0 3.0600e-05 3.0600e-05
 19  2.4755e-01  1.693e-04 1.462e+03  4.407e-02  7.022e-01  4.713e+02  1.233e-04      0 3.2400e-05 3.2400e-05
 20  2.5474e-01  1.517e-04 1.679e+03  4.916e-02  6.526e-01  4.055e+02  1.416e-04      0 3.4200e-05 3.4200e-05
  worst tensor over k>=2: input_embedder.atom_attn_enc.atom_transformer.blocks.0.conditioned_transition.layer_norm.linear_s.weight  9.201673e+08 at k=11
  d20 worst tensor: input_embedder.atom_attn_enc.atom_transformer.blocks.0.conditioned_transition.layer_norm.linear_s.weight 4.055022e+02
  tensors scored at k=20: 4064, zero-reference 83
  their participation spread at k=20: [1]
  our k=20 clip=1.0 per_sample=False grad_norm=2.8689e+00 per_sample_coefs=None
  their k=20 per-sample clip coefs: [1.0]

### stale  warmup=20 accum=4 rho=0.005 scope=4147 tensors / 368293788 elements
  feedback share of drive norm: k=2:0.0011, k=10:0.0611, k=20:0.5064
  growth k2..20 exponent +0.4040 r2 0.9251 bit-identical rungs dropped 0
  k       rel_d      floor   x floor     median        p90      worst      rel_w  bitid     our_lr   their_lr
  1  0.0000e+00  0.000e+00 0.000e+00  0.000e+00  0.000e+00  0.000e+00  0.000e+00   4147 0.0000e+00 0.0000e+00
  2  1.0710e-01  5.028e-04 2.130e+02  7.384e-02  1.750e-01  1.507e+06  1.796e-05      0 9.0000e-05 9.0000e-05
  3  1.6629e-01  1.803e-04 9.222e+02  1.263e-01  3.375e-01  1.290e+06  7.777e-05      0 1.8000e-04 1.8000e-04
  4  1.3680e-01  9.078e-05 1.507e+03  1.161e-01  3.725e-01  2.140e+07  1.271e-04      0 2.7000e-04 2.7000e-04
  5  1.5598e-01  5.527e-05 2.822e+03  1.213e-01  4.889e-01  5.001e+09  2.383e-04      0 3.6000e-04 3.6000e-04
  6  1.5160e-01  3.687e-05 4.112e+03  1.104e-01  5.248e-01  6.702e+08  3.474e-04      0 4.5000e-04 4.5000e-04
  7  1.6929e-01  2.645e-05 6.401e+03  1.091e-01  6.086e-01  1.749e+07  5.413e-04      0 5.4000e-04 5.4000e-04
  8  1.7649e-01  1.983e-05 8.898e+03  1.006e-01  6.079e-01  1.935e+07  7.533e-04      0 6.3000e-04 6.3000e-04
  9  1.9063e-01  1.542e-05 1.236e+04  9.331e-02  6.655e-01  2.164e+06  1.048e-03      0 7.2000e-04 7.2000e-04
 10  2.0301e-01  1.230e-05 1.650e+04  8.503e-02  6.742e-01  7.400e+05  1.400e-03      0 8.1000e-04 8.1000e-04
 11  2.1495e-01  1.006e-05 2.136e+04  7.879e-02  6.622e-01  1.228e+05  1.816e-03      0 9.0000e-04 9.0000e-04
 12  2.2526e-01  8.395e-06 2.683e+04  7.499e-02  6.698e-01  2.747e+04  2.285e-03      0 9.9000e-04 9.9000e-04
 13  2.3431e-01  7.115e-06 3.293e+04  7.358e-02  7.220e-01  6.841e+03  2.809e-03      0 1.0800e-03 1.0800e-03
 14  2.4236e-01  6.101e-06 3.972e+04  7.291e-02  7.288e-01  1.947e+03  3.395e-03      0 1.1700e-03 1.1700e-03
 15  2.5081e-01  5.287e-06 4.744e+04  7.347e-02  7.400e-01  1.056e+03  4.064e-03      0 1.2600e-03 1.2600e-03
 16  2.5918e-01  4.625e-06 5.604e+04  7.330e-02  7.240e-01  5.688e+02  4.811e-03      0 1.3500e-03 1.3500e-03
 17  2.6700e-01  4.078e-06 6.548e+04  7.471e-02  6.959e-01  3.118e+02  5.636e-03      0 1.4400e-03 1.4400e-03
 18  2.7449e-01  3.620e-06 7.582e+04  7.627e-02  7.275e-01  1.806e+02  6.544e-03      0 1.5300e-03 1.5300e-03
 19  2.8175e-01  3.239e-06 8.699e+04  7.247e-02  7.204e-01  1.548e+02  7.529e-03      0 1.6200e-03 1.6200e-03
 20  2.8795e-01  2.915e-06 9.877e+04  7.211e-02  8.096e-01  1.441e+02  8.573e-03      0 1.7100e-03 1.7100e-03
  worst tensor over k>=2: input_embedder.atom_attn_enc.atom_transformer.blocks.0.attention_pair_bias.layer_norm_a_q.linear_g.weight  5.000973e+09 at k=5
  d20 worst tensor: input_embedder.atom_attn_enc.atom_transformer.blocks.0.conditioned_transition.layer_norm.linear_g.weight 1.440940e+02
  tensors scored at k=20: 4073, zero-reference 74
  their participation spread at k=20: [1, 4]
  our k=20 clip=0.7223043496241797 per_sample=False grad_norm=1.3845e+01 per_sample_coefs=None
  their k=20 per-sample clip coefs: [1.0, 1.0, 1.0, 1.0]

### wd0  warmup=20 accum=4 rho=0.005 scope=4147 tensors / 368293788 elements
  feedback share of drive norm: k=2:0.0011, k=10:0.0611, k=20:0.5064
  growth k2..20 exponent -0.1518 r2 0.4424 bit-identical rungs dropped 0
  k       rel_d      floor   x floor     median        p90      worst      rel_w  bitid     our_lr   their_lr
  1  0.0000e+00  0.000e+00 0.000e+00  0.000e+00  0.000e+00  0.000e+00  0.000e+00   4147 0.0000e+00 0.0000e+00
  2  1.0831e-01  5.028e-04 2.154e+02  7.362e-02  2.157e-01  3.202e+01  1.816e-05     80 9.0000e-05 9.0000e-05
  3  1.5159e-01  1.803e-04 8.407e+02  1.185e-01  2.863e-01  9.162e+01  7.089e-05     76 1.8000e-04 1.8000e-04
  4  1.4826e-01  9.078e-05 1.633e+03  1.162e-01  2.856e-01  3.103e+03  1.378e-04     74 2.7000e-04 2.7000e-04
  5  1.2454e-01  5.527e-05 2.253e+03  1.215e-01  2.497e-01  6.036e+04  1.902e-04     74 3.6000e-04 3.6000e-04
  6  1.2575e-01  3.687e-05 3.411e+03  1.133e-01  2.831e-01  1.029e+06  2.882e-04     74 4.5000e-04 4.5000e-04
  7  1.1088e-01  2.645e-05 4.192e+03  1.109e-01  2.591e-01  5.731e+04  3.545e-04     74 5.4000e-04 5.4000e-04
  8  1.0601e-01  1.983e-05 5.345e+03  1.037e-01  2.587e-01  3.278e+04  4.524e-04     74 6.3000e-04 6.3000e-04
  9  1.0110e-01  1.542e-05 6.558e+03  9.554e-02  2.333e-01  8.223e+04  5.558e-04     74 7.2000e-04 7.2000e-04
 10  9.8171e-02  1.230e-05 7.978e+03  8.610e-02  2.051e-01  9.262e+04  6.772e-04     74 8.1000e-04 8.1000e-04
 11  9.5313e-02  1.006e-05 9.472e+03  7.985e-02  2.082e-01  2.836e+04  8.052e-04     74 9.0000e-04 9.0000e-04
 12  9.2193e-02  8.395e-06 1.098e+04  7.625e-02  1.896e-01  8.280e+02  9.351e-04     74 9.9000e-04 9.9000e-04
 13  9.0883e-02  7.115e-06 1.277e+04  7.429e-02  2.017e-01  8.986e+02  1.090e-03     74 1.0800e-03 1.0800e-03
 14  9.1763e-02  6.101e-06 1.504e+04  7.364e-02  2.006e-01  1.040e+02  1.286e-03     74 1.1700e-03 1.1700e-03
 15  9.3897e-02  5.287e-06 1.776e+04  7.263e-02  1.885e-01  6.771e+01  1.521e-03     74 1.2600e-03 1.2600e-03
 16  9.6773e-02  4.625e-06 2.092e+04  7.269e-02  1.907e-01  4.131e+01  1.796e-03     74 1.3500e-03 1.3500e-03
 17  1.0028e-01  4.078e-06 2.459e+04  7.140e-02  1.837e-01  2.487e+01  2.117e-03     74 1.4400e-03 1.4400e-03
 18  1.0434e-01  3.620e-06 2.882e+04  6.957e-02  1.819e-01  1.536e+01  2.487e-03     74 1.5300e-03 1.5300e-03
 19  1.0707e-01  3.239e-06 3.306e+04  6.971e-02  1.874e-01  9.915e+00  2.861e-03     74 1.6200e-03 1.6200e-03
 20  1.1048e-01  2.915e-06 3.789e+04  7.066e-02  1.906e-01  6.838e+00  3.289e-03     74 1.7100e-03 1.7100e-03
  worst tensor over k>=2: input_embedder.atom_attn_enc.atom_transformer.blocks.0.conditioned_transition.layer_norm.linear_g.weight  1.028884e+06 at k=6
  d20 worst tensor: input_embedder.atom_attn_enc.atom_transformer.blocks.2.conditioned_transition.linear_g.bias 6.838326e+00
  tensors scored at k=20: 4073, zero-reference 74
  their participation spread at k=20: [1, 4]
  our k=20 clip=0.629473441255742 per_sample=False grad_norm=1.5886e+01 per_sample_coefs=None
  their k=20 per-sample clip coefs: [1.0, 1.0, 1.0, 1.0]

### wired  warmup=20 accum=4 rho=0.005 scope=4147 tensors / 368293788 elements
  feedback share of drive norm: k=2:0.0011, k=10:0.0611, k=20:0.5064
  growth k2..20 exponent -0.1324 r2 0.3606 bit-identical rungs dropped 0
  k       rel_d      floor   x floor     median        p90      worst      rel_w  bitid     our_lr   their_lr
  1  0.0000e+00  0.000e+00 0.000e+00  0.000e+00  0.000e+00  0.000e+00  0.000e+00   4147 0.0000e+00 0.0000e+00
  2  1.4345e-01  5.028e-04 2.853e+02  1.475e-02  2.834e-01  1.727e+02  2.405e-05     76 9.0000e-05 9.0000e-05
  3  1.3185e-01  1.803e-04 7.312e+02  7.296e-03  2.602e-01  4.939e+02  6.166e-05     74 1.8000e-04 1.8000e-04
  4  1.2097e-01  9.078e-05 1.332e+03  7.085e-03  2.356e-01  6.419e+03  1.124e-04     74 2.7000e-04 2.7000e-04
  5  1.1080e-01  5.527e-05 2.005e+03  8.519e-03  2.048e-01  1.210e+07  1.693e-04     74 3.6000e-04 3.6000e-04
  6  1.0218e-01  3.687e-05 2.772e+03  1.085e-02  1.857e-01  3.630e+06  2.342e-04     74 4.5000e-04 4.5000e-04
  7  9.5529e-02  2.645e-05 3.612e+03  1.362e-02  1.713e-01  1.267e+05  3.054e-04     74 5.4000e-04 5.4000e-04
  8  9.1162e-02  1.983e-05 4.596e+03  1.633e-02  1.582e-01  1.325e+06  3.891e-04     74 6.3000e-04 6.3000e-04
  9  8.8696e-02  1.542e-05 5.753e+03  1.892e-02  1.563e-01  7.034e+05  4.876e-04     74 7.2000e-04 7.2000e-04
 10  8.7155e-02  1.230e-05 7.083e+03  2.134e-02  1.513e-01  2.093e+04  6.012e-04     74 8.1000e-04 8.1000e-04
 11  8.7097e-02  1.006e-05 8.655e+03  2.314e-02  1.504e-01  2.946e+04  7.358e-04     74 9.0000e-04 9.0000e-04
 12  8.7843e-02  8.395e-06 1.046e+04  2.455e-02  1.644e-01  1.487e+03  8.910e-04     74 9.9000e-04 9.9000e-04
 13  8.9505e-02  7.115e-06 1.258e+04  2.518e-02  1.638e-01  8.886e+02  1.073e-03     74 1.0800e-03 1.0800e-03
 14  9.1750e-02  6.101e-06 1.504e+04  2.675e-02  1.773e-01  1.891e+02  1.285e-03     74 1.1700e-03 1.1700e-03
 15  9.4545e-02  5.287e-06 1.788e+04  2.878e-02  1.656e-01  1.102e+02  1.532e-03     74 1.2600e-03 1.2600e-03
 16  9.7827e-02  4.625e-06 2.115e+04  3.100e-02  1.640e-01  6.267e+01  1.816e-03     74 1.3500e-03 1.3500e-03
 17  1.0145e-01  4.078e-06 2.488e+04  3.335e-02  1.661e-01  3.582e+01  2.142e-03     74 1.4400e-03 1.4400e-03
 18  1.0540e-01  3.620e-06 2.911e+04  3.576e-02  1.711e-01  2.135e+01  2.513e-03     74 1.5300e-03 1.5300e-03
 19  1.0962e-01  3.239e-06 3.385e+04  3.826e-02  1.818e-01  1.363e+01  2.929e-03     74 1.6200e-03 1.6200e-03
 20  1.1406e-01  2.915e-06 3.912e+04  4.120e-02  1.878e-01  1.396e+01  3.396e-03     74 1.7100e-03 1.7100e-03
  worst tensor over k>=2: input_embedder.atom_attn_enc.atom_transformer.blocks.0.attention_pair_bias.layer_norm_a_q.linear_g.weight  1.210040e+07 at k=5
  d20 worst tensor: pairformer_stack.blocks.38.single_transition.linear_out.weight 1.395577e+01
  tensors scored at k=20: 4073, zero-reference 74
  their participation spread at k=20: [1, 4]
  our k=20 clip=1.0 per_sample=True grad_norm=1.5884e+01 per_sample_coefs=[1.0, 1.0, 1.0, 1.0]
  their k=20 per-sample clip coefs: [1.0, 1.0, 1.0, 1.0]
