1790668493 800
1790668494 800
1790668495 800
1790668496 800
1790668497 800
1790668498 800
1790668499 800
1790668500 800
1790668501 1350
1790668502 1350
1790668503 1350
1790668504 1350
1790668505 1350
1790668506 1343
1790668507 1350
1790668508 1350
1790668509 1350
1790668510 1350
1790668511 1350
1790668512 1350
1790668513 1350
1790668514 1350
1790668515 1350
1790668516 1350
1790668517 1337
1790668518 1337
1790668519 1350
1790668520 1350
1790668521 1350
1790668522 1350
1790668523 800
1790668524 800
1790668525 800
1790668526 800
1790668527 800
1790668528 800
1790668529 1350
1790668530 1350
1790668531 1350
1790668532 1350
1790668533 1350
1790668534 1343
1790668535 1350
1790668536 1350
1790668537 1350
1790668538 1350
1790668539 1350
1790668540 1350
1790668541 1350
1790668542 1350
1790668543 1350
1790668544 1350
1790668545 1350
1790668546 1350
1790668547 1350
1790668548 1350
1790668549 1350
1790668550 1350
1790668551 1318
1790668552 1350
1790668553 1350
1790668554 1306
1790668555 1343
1790668556 1350
1790668557 1350
1790668558 1350
1790668559 1350
1790668560 1350
1790668561 1350
1790668562 1343
1790668563 1325
1790668564 1350
1790668565 1331
1790668566 1350
1790668567 1350
1790668568 1350
1790668569 1337
1790668570 1350
1790668571 1343
1790668572 1350
1790668573 800
1790668574 800
1790668575 1350
