1790668487 800
1790668488 800
1790668489 800
1790668490 800
1790668491 800
1790668492 800
1790668493 1350
1790668494 1350
1790668495 1350
1790668496 1350
1790668497 1350
1790668498 1350
1790668499 1350
1790668500 1350
1790668501 1350
1790668502 1337
1790668503 1331
1790668504 1350
1790668505 1350
1790668506 1331
1790668507 1331
1790668508 1337
1790668509 1350
1790668510 1343
1790668511 1343
1790668512 1343
1790668513 1350
1790668514 800
1790668515 800
1790668516 800
1790668517 800
1790668518 800
1790668519 800
1790668520 1350
1790668521 1350
1790668522 1350
1790668523 1350
1790668524 1350
1790668525 1350
1790668526 1350
1790668527 1350
1790668528 1350
1790668529 1350
1790668530 1350
1790668531 1350
1790668532 1350
1790668533 1350
1790668534 1350
1790668535 1350
1790668536 1350
1790668537 1350
1790668538 1350
1790668539 1350
1790668540 1350
1790668541 1300
1790668542 1325
1790668543 1343
1790668544 1350
1790668545 1350
1790668546 1350
1790668547 1350
1790668548 1343
1790668549 1350
1790668550 1350
1790668551 1337
1790668552 1325
1790668553 1350
1790668554 1350
1790668555 1350
1790668556 1343
1790668557 1350
1790668558 1331
1790668559 1350
1790668560 1350
1790668561 1350
1790668562 1350
1790668563 800
1790668564 800
