1790892938 800 0.12
1790892943 800 0.75
1790892948 1350 0.77
1790892953 800 0.79
1790892958 800 0.89
1790892963 1350 1.45
1790892968 1350 1.42
1790892973 1350 1.38
1790892978 1350 1.35
1790892983 1350 1.33
1790892988 1350 1.30
1790892993 1350 1.35
1790892998 1350 1.33
1790893003 1350 1.30
1790893008 1350 1.44
1790893013 1350 1.40
1790893018 1350 1.37
1790893023 1350 1.34
1790893028 1350 1.31
1790893033 1350 1.29
1790893038 1350 1.26
1790893043 1350 1.24
1790893048 1350 1.22
1790893053 1350 1.20
1790893058 1350 1.19
1790893063 1350 1.17
1790893068 1343 1.16
1790893073 1350 1.15
1790893078 1350 1.13
1790893083 1350 1.12
1790893088 1350 1.11
1790893093 1350 1.10
1790893098 1350 1.10
1790893103 1350 1.09
1790893108 1350 1.08
1790893113 1350 1.07
1790893118 1350 1.15
1790893123 1343 1.70
1790893128 1350 1.64
1790893133 1350 1.59
1790893138 1343 1.54
1790893143 1350 1.50
1790893148 1350 1.54
1790893153 1350 1.50
1790893158 1350 2.10
1790893163 1350 2.01
1790893168 1350 1.93
1790893173 1343 1.85
1790893178 1350 1.78
1790893183 1350 2.44
1790893188 1343 2.33
1790893193 1350 2.22
1790893198 1350 2.68
1790893203 1350 2.55
1790893208 1350 2.42
1790893213 1350 2.31
1790893218 1350 2.28
1790893223 1350 2.18
1790893228 1350 2.09
1790893233 1350 2.00
1790893238 1350 1.92
1790893243 1350 1.85
1790893248 1350 1.86
1790893253 1343 1.79
1790893258 1350 1.73
1790893263 1350 1.67
1790893268 1350 1.61
1790893273 1350 1.56
