1790667938 800
1790667939 800
1790667940 800
1790667941 800
1790667942 800
1790667943 1350
1790667944 1350
1790667945 1350
1790667946 1350
1790667947 1350
1790667948 1350
1790667949 1350
1790667950 1343
1790667951 1343
1790667952 1350
1790667953 1350
1790667954 1350
1790667955 1350
1790667956 1350
1790667957 1350
1790667958 800
1790667959 800
1790667960 800
1790667961 800
1790667962 800
1790667963 1350
1790667964 1350
1790667965 1350
1790667966 1350
1790667967 1325
1790667968 1343
1790667969 1312
1790667970 1325
1790667971 1350
1790667972 1350
1790667973 1350
1790667974 1337
1790667975 1350
1790667976 1350
1790667977 1350
1790667978 1325
1790667979 1350
1790667980 1350
1790667981 1350
1790667982 1350
1790667983 1350
1790667984 1331
1790667985 800
1790667986 800
