1790869571 800 17.66
1790869576 1350 18.49
1790869581 1350 18.05
1790869586 1350 18.29
1790869591 1350 17.86
1790869596 1350 17.31
1790869601 1325 16.81
1790869606 1350 16.42
1790869611 1350 17.03
1790869616 1350 18.71
1790869621 1350 19.29
1790869626 1350 17.99
1790869631 1343 17.51
1790869636 1350 16.51
1790869641 1343 16.14
1790869646 1350 16.53
1790869651 1331 17.37
1790869656 1350 16.94
1790869661 1350 16.87
1790869666 1350 16.48
1790869671 1343 16.36
1790869677 1325 16.09
1790869682 1350 15.12
1790869687 1350 14.79
1790869692 1350 15.93
1790869697 1350 16.49
1790869702 1350 17.74
1790869707 1350 17.28
1790869712 1350 18.22
1790869717 1350 17.16
1790869722 1343 16.10
1790869727 1343 16.58
1790869732 1331 17.41
1790869737 1350 17.38
1790869742 1350 16.23
1790869747 1343 15.25
1790869752 800 14.27
1790869757 1350 13.44
1790869762 1350 12.61
1790869767 1325 12.16
1790869772 1350 11.42
1790869777 1350 11.95
1790869782 1350 11.23
1790869787 1350 10.57
1790869792 1350 10.21
1790869797 1350 10.91
1790869802 1325 11.56
1790869807 1350 10.95
1790869812 1325 10.72
1790869817 1318 11.06
1790869822 1306 10.58
1790869827 1343 10.05
1790869832 1350 9.72
1790869837 1343 10.23
1790869842 1325 9.81
1790869847 1350 9.50
1790869852 1350 9.30
1790869857 1331 9.84
1790869862 1350 9.77
1790869867 1350 11.07
1790869872 1350 12.59
1790869877 1337 12.46
1790869882 1350 11.86
1790869887 1350 11.23
1790869892 1350 11.77
1790869897 1350 11.23
1790869902 800 10.65
1790869907 1350 11.32
1790869912 800 10.73
1790869917 1350 10.12
1790869922 1350 10.19
1790869927 1350 9.61
1790869932 1350 9.08
1790869937 1350 8.59
1790869942 1350 8.15
1790869947 1350 7.73
1790869952 1350 8.56
1790869957 1350 8.11
1790869962 1350 7.70
1790869967 1350 7.32
1790869972 1350 7.06
1790869977 1350 6.73
1790869982 1350 6.51
1790869987 1350 6.23
1790869992 1350 7.25
1790869997 1350 6.83
1790870002 1350 6.53
1790870007 1350 6.24
1790870012 1350 7.91
1790870017 1350 7.75
1790870022 1350 7.37
1790870027 1350 7.02
1790870032 1350 6.70
1790870037 1350 6.40
1790870042 1350 6.13
1790870047 1350 5.88
1790870052 1350 6.21
1790870057 1350 6.51
1790870062 1350 6.23
1790870067 1350 6.13
1790870072 1350 6.20
1790870077 1350 5.95
1790870082 1350 5.71
1790870087 1350 5.73
1790870092 1350 6.47
1790870097 1350 6.76
1790870102 1350 6.46
1790870107 1350 6.18
1790870112 1343 5.92
1790870117 1350 5.69
1790870122 1350 5.55
1790870127 1350 5.35
1790870132 1350 5.72
1790870137 1350 5.50
1790870142 1343 6.02
1790870147 1343 5.78
1790870152 1350 6.76
1790870157 1350 7.02
1790870162 1350 6.70
1790870167 1350 6.40
1790870172 1350 7.41
1790870177 1350 7.14
1790870182 1350 6.81
1790870187 1350 6.50
1790870192 1350 6.22
1790870197 1350 5.96
1790870202 1350 5.72
1790870207 1350 5.51
1790870212 1350 5.95
1790870217 1350 5.79
1790870222 1350 5.65
1790870227 1350 5.91
1790870232 1350 6.16
1790870237 1350 6.47
1790870242 1350 7.39
1790870247 1350 8.32
1790870252 1343 7.90
