1790859365 800 6.16
1790859367 800 6.16
1790859369 1350 5.91
1790859371 1350 5.91
1790859373 1350 5.67
1790859375 1350 5.67
1790859377 1350 5.67
1790859379 1337 5.54
1790859381 1350 5.54
1790859383 1350 5.34
1790859385 1350 5.34
1790859387 1350 5.34
1790859389 1350 5.23
1790859391 1350 5.23
1790859393 1350 5.05
1790859395 1350 5.05
1790859397 1350 5.05
1790859399 1325 4.97
1790859401 1350 4.97
1790859403 1343 4.89
1790859405 1350 4.89
1790859407 1350 4.89
1790859409 1350 5.94
1790859411 1350 5.94
1790859413 1337 6.18
1790859415 1337 6.18
1790859417 1350 6.18
1790859419 1350 5.93
1790859421 1350 5.93
1790859423 1343 5.85
1790859425 1350 5.85
1790859427 1343 5.85
1790859429 1343 5.63
1790859431 1350 5.63
1790859433 1350 5.66
1790859435 1337 5.66
1790859437 1350 5.66
1790859439 1350 5.44
1790859441 1350 5.44
1790859443 1350 5.49
1790859445 1343 5.49
1790859447 1350 5.49
1790859449 1350 8.17
1790859451 1331 8.17
1790859453 1337 7.84
1790859455 1337 7.84
1790859457 1350 7.84
1790859459 1350 7.85
1790859461 1343 7.85
1790859463 1350 7.94
1790859465 1343 7.94
1790859467 1350 7.94
1790859469 1337 8.59
1790859471 1350 8.59
1790859473 1350 8.38
1790859475 1350 8.38
1790859477 1343 8.38
1790859479 1325 7.95
1790859481 1350 7.95
1790859483 1343 7.63
1790859485 1350 7.63
1790859487 1350 7.63
1790859489 1331 7.26
1790859491 1350 7.26
1790859493 1350 8.12
1790859495 1350 8.12
1790859497 1350 8.12
1790859499 1343 8.67
1790859501 1350 8.67
1790859503 1325 8.22
1790859505 1350 8.22
1790859507 800 8.22
1790859509 800 7.88
1790859512 1350 7.88
1790859514 1350 8.69
1790859516 1350 8.69
1790859518 1350 8.69
1790859520 1350 8.31
1790859522 1350 8.31
1790859524 1350 8.85
1790859526 1331 8.85
1790859528 1350 8.85
1790859530 1350 8.38
1790859532 1350 8.38
1790859534 1350 8.03
1790859536 1350 8.03
1790859538 1350 8.03
1790859540 1350 7.71
1790859542 1350 7.71
1790859544 1350 7.41
1790859546 1337 7.41
1790859548 1350 7.41
1790859550 1350 8.42
1790859552 1325 8.42
1790859554 1350 8.30
1790859556 1350 8.30
1790859558 1350 8.30
1790859560 1331 8.12
1790859562 1350 8.12
1790859564 1350 7.87
1790859566 1343 7.87
1790859568 1331 7.87
1790859570 1350 7.80
1790859572 1350 7.80
1790859574 1350 7.42
1790859576 1350 7.42
1790859578 1350 7.42
1790859580 1343 7.22
1790859582 1350 7.22
1790859584 1331 6.96
1790859586 1350 6.96
1790859588 1350 6.96
1790859590 1343 7.29
1790859592 1337 7.29
1790859594 1343 8.06
1790859596 1337 8.06
1790859598 1350 8.06
1790859600 1350 7.82
1790859602 1350 7.82
1790859604 1350 7.51
1790859606 1325 7.51
1790859608 1337 7.51
1790859610 1337 7.15
1790859612 1350 7.15
1790859614 1337 6.82
1790859616 1325 6.82
1790859618 1350 6.82
1790859620 1350 6.91
1790859622 1343 6.91
1790859624 1331 6.60
1790859626 1325 6.60
1790859628 1350 6.60
1790859630 1350 6.31
1790859632 1350 6.31
1790859634 1343 6.37
1790859636 1350 6.37
1790859638 1350 6.37
1790859640 1343 6.26
1790859642 1350 6.26
1790859644 1343 6.00
1790859646 1350 6.00
1790859648 1350 6.00
1790859650 800 5.92
1790859652 800 5.92
1790859654 800 5.68
1790859656 1350 5.68
1790859658 1350 5.68
1790859660 1350 5.47
1790859662 1350 5.47
1790859664 1350 5.35
1790859666 1350 5.35
1790859668 1350 5.35
1790859670 1350 6.52
1790859672 1350 6.52
1790859674 1350 6.80
1790859676 1350 6.80
1790859678 1350 6.80
1790859680 1350 6.58
1790859682 1350 6.58
1790859684 1350 6.37
1790859686 1350 6.37
1790859688 1350 6.37
1790859690 1350 6.10
1790859692 1350 6.10
1790859694 1350 5.85
1790859696 1331 5.85
1790859698 1350 5.85
1790859700 1343 6.42
1790859702 1350 6.42
1790859704 1350 6.23
1790859706 1350 6.23
1790859708 1350 6.69
1790859710 1343 6.69
1790859712 1350 6.69
1790859714 1350 6.64
1790859716 1350 6.64
1790859718 1350 6.75
1790859720 1350 6.75
1790859722 1350 6.75
1790859724 1350 7.57
1790859726 1350 7.57
1790859728 1343 7.28
1790859730 1350 7.28
1790859732 1350 7.28
1790859734 1343 7.18
1790859736 1350 7.18
1790859738 1350 8.12
1790859740 1343 8.12
1790859742 1350 8.12
1790859744 1350 7.71
1790859746 1350 7.71
1790859748 1337 8.22
1790859750 1343 8.22
1790859752 1350 8.22
1790859754 1350 9.40
1790859756 1343 9.40
1790859758 1337 10.25
1790859760 1350 10.25
1790859762 1337 10.25
1790859764 1343 9.67
1790859766 1350 9.67
1790859768 1343 9.38
1790859770 1350 9.38
1790859772 1318 9.38
1790859774 1350 11.43
1790859776 1350 11.43
1790859778 1350 10.83
1790859780 1350 10.83
1790859782 1350 10.83
1790859784 1343 10.21
1790859786 1325 10.21
1790859788 1337 10.11
1790859790 1350 10.11
1790859792 1350 10.11
1790859794 800 9.70
1790859796 800 9.70
1790859798 800 9.24
1790859800 800 9.24
1790859802 1350 9.24
1790859804 1350 9.94
1790859806 1350 9.94
1790859808 1343 9.95
1790859810 1350 9.95
1790859812 1343 9.95
1790859814 1350 9.39
1790859816 1350 9.39
1790859818 1350 10.08
1790859820 1350 10.08
1790859822 1350 10.08
1790859824 1350 9.92
1790859826 1350 9.92
1790859828 1350 9.52
1790859830 1350 9.52
1790859832 1343 9.52
1790859834 1343 9.08
1790859836 1350 9.08
1790859838 1350 8.75
1790859840 1350 8.75
1790859842 1350 8.75
1790859844 1350 9.97
1790859846 1343 9.97
1790859848 1350 9.41
1790859850 1343 9.41
1790859852 1318 9.41
1790859854 1350 10.98
1790859856 1337 10.98
1790859858 1325 10.98
1790859860 1337 10.98
1790859862 1350 10.98
1790859864 1337 10.51
1790859866 1350 10.51
1790859868 1350 11.91
1790859870 1350 11.91
1790859872 1343 11.91
1790859874 1343 11.27
1790859876 1350 11.27
1790859878 1337 10.61
1790859880 1350 10.61
1790859882 1325 10.61
1790859884 1350 10.00
1790859886 1350 10.00
1790859888 1350 9.44
1790859890 1350 9.44
1790859892 1350 9.44
1790859894 1325 9.00
1790859896 1343 9.00
1790859898 1350 8.60
1790859900 1350 8.60
1790859902 1350 8.60
1790859904 1350 8.23
1790859906 1350 8.23
1790859908 1350 7.89
1790859910 1337 7.89
1790859912 1343 7.89
1790859914 1350 7.50
1790859916 1350 7.50
1790859918 1343 8.82
1790859920 1350 8.82
1790859922 1350 8.82
1790859925 1350 8.84
1790859927 1350 8.84
1790859929 1350 8.93
1790859931 1350 8.93
1790859933 1350 8.93
1790859935 1337 8.70
1790859937 1350 8.70
1790859939 800 8.24
1790859941 800 8.24
1790859943 1350 8.24
1790859945 1350 7.74
1790859947 1350 7.74
1790859949 1350 7.36
1790859951 1343 7.36
1790859953 1350 7.36
1790859955 1350 7.01
1790859957 1350 7.01
1790859959 1350 6.69
1790859961 1350 6.69
1790859963 1350 6.69
1790859965 1350 6.79
1790859967 1350 6.79
1790859969 1350 6.89
1790859971 1350 6.89
1790859973 1350 6.89
1790859975 1350 6.66
1790859977 1337 6.66
1790859979 1350 6.53
1790859981 1350 6.53
1790859983 1350 6.53
1790859985 1337 6.24
1790859987 1337 6.24
1790859989 1350 6.30
1790859991 1343 6.30
1790859993 1350 6.30
1790859995 1350 6.60
1790859997 1350 6.60
1790859999 1318 6.71
1790860001 1337 6.71
1790860003 1325 6.71
1790860005 1343 6.50
1790860007 1350 6.50
1790860009 1337 6.22
1790860011 1343 6.22
1790860013 1350 6.22
1790860015 1350 6.12
1790860017 1331 6.12
1790860019 1350 6.35
1790860021 1350 6.35
1790860023 1350 6.35
1790860025 1343 6.32
1790860027 1350 6.32
1790860029 1350 6.13
1790860031 1350 6.13
1790860033 1350 6.13
1790860035 1337 5.88
1790860037 1337 5.88
1790860039 1343 5.73
1790860041 1350 5.73
1790860043 1325 5.73
1790860045 1350 6.15
1790860047 1350 6.15
1790860049 1350 7.10
1790860051 1350 7.10
1790860053 1350 7.10
1790860055 1350 8.06
1790860057 1350 8.06
1790860059 1350 8.85
1790860061 1350 8.85
1790860063 1350 8.85
1790860065 1350 9.34
1790860067 1350 9.34
1790860069 1312 9.24
1790860071 1350 9.24
1790860073 1337 9.24
1790860075 1350 9.06
1790860077 1331 9.06
1790860079 1350 9.13
1790860081 1350 9.13
1790860083 800 9.13
1790860085 800 8.72
1790860087 1350 8.72
1790860089 1350 8.34
1790860091 1350 8.34
1790860093 1350 8.34
1790860095 1350 8.00
1790860097 1350 8.00
1790860099 1350 7.60
1790860101 1350 7.60
1790860103 1350 7.60
1790860105 1350 7.23
1790860107 1343 7.23
1790860109 1350 6.97
1790860111 1350 6.97
1790860113 1350 6.97
1790860115 1350 7.37
1790860117 1343 7.37
1790860119 1350 8.78
1790860121 1350 8.78
1790860123 1350 9.92
1790860125 1350 9.92
1790860127 1350 9.92
1790860129 1343 10.97
1790860131 1350 10.97
1790860133 1325 10.49
1790860135 1350 10.49
1790860137 1350 10.49
1790860139 1350 9.97
1790860141 1337 9.97
1790860143 1350 10.61
1790860145 1350 10.61
1790860147 1337 10.61
1790860149 1343 10.08
1790860151 1350 10.08
1790860153 1343 10.80
1790860155 1350 10.80
1790860157 1343 10.80
1790860159 1350 10.17
1790860161 1350 10.17
1790860163 1350 9.76
1790860165 1350 9.76
1790860167 1343 9.76
1790860169 1343 9.22
1790860171 1343 9.22
1790860173 1325 8.88
1790860175 1331 8.88
1790860177 1343 8.88
1790860179 1343 8.97
1790860181 1350 8.97
1790860183 1350 8.49
1790860185 1350 8.49
1790860187 1350 8.49
1790860189 1350 8.05
1790860191 1350 8.05
1790860193 1325 7.65
1790860195 1343 7.65
1790860197 1350 7.65
1790860199 1350 8.48
1790860201 1343 8.48
1790860203 1350 8.52
1790860205 1343 8.52
1790860207 1350 8.52
1790860209 1343 8.08
1790860211 1350 8.08
1790860213 1350 7.67
1790860215 1350 7.67
1790860217 1343 7.67
1790860219 1350 7.30
1790860221 1350 7.30
1790860223 800 7.27
1790860225 800 7.27
