1790886616 800 5.76
1790886626 800 6.12
1790886636 800 5.64
1790886646 800 7.43
1790886656 800 9.28
1790886666 800 8.32
1790886676 800 8.84
1790886686 800 8.10
1790886696 800 9.69
1790886706 800 9.25
1790886716 800 9.71
1790886726 1350 9.27
1790886736 1350 8.31
1790886746 1350 8.00
1790886756 800 7.89
1790886766 800 7.71
1790886776 800 7.06
1790886786 1350 7.80
1790886796 1350 9.58
1790886806 800 9.16
1790886816 1350 9.46
1790886826 1350 9.74
1790886836 1350 9.96
1790886846 1350 9.41
1790886856 1350 8.42
1790886866 1350 7.73
1790886876 1350 7.01
1790886886 1350 6.39
1790886896 1350 6.02
1790886906 1350 6.76
1790886916 1350 6.26
1790886926 1350 6.05
1790886937 1350 5.66
1790886947 1350 5.25
1790886957 1350 5.06
1790886967 1350 4.75
1790886977 1350 5.92
1790886987 1350 7.62
1790886997 1350 6.91
1790887007 1350 6.53
1790887017 1350 6.15
1790887027 1350 6.23
1790887037 1350 5.73
1790887047 1350 5.83
1790887057 1350 6.47
1790887067 1350 6.24
1790887077 1350 9.19
1790887087 1350 10.34
1790887097 1350 11.07
1790887107 1343 9.90
1790887117 1350 10.13
1790887127 1350 9.12
1790887137 1350 8.17
1790887147 1350 8.09
1790887157 1350 7.38
1790887167 1350 6.79
1790887177 1350 7.17
1790887187 800 6.60
1790887197 800 6.64
1790887207 800 6.00
1790887217 800 5.39
1790887227 800 4.87
1790887237 800 4.50
1790887247 800 4.12
1790887257 800 4.11
1790887267 1350 5.31
1790887277 1343 6.39
1790887287 1350 6.91
1790887297 1350 6.31
1790887307 1325 5.88
1790887317 1350 5.52
1790887327 1350 7.48
1790887337 1325 6.87
1790887347 1337 6.35
1790887357 1306 6.96
1790887367 1325 8.38
1790887377 1325 8.04
1790887387 1350 8.45
1790887397 1350 7.93
1790887407 800 7.32
1790887417 1350 6.66
1790887427 1350 6.55
1790887437 1350 6.00
1790887447 1350 6.82
1790887457 1350 7.11
1790887467 1331 6.64
1790887477 1343 7.00
1790887487 1350 7.02
1790887497 1343 7.28
1790887507 1325 6.70
1790887517 1331 7.33
1790887527 1300 7.73
1790887537 1350 7.24
1790887547 1350 6.66
1790887557 1331 7.81
1790887567 1350 7.31
1790887577 1350 7.77
1790887587 1350 7.26
1790887597 1325 6.75
1790887607 1350 7.59
1790887617 1337 9.67
1790887627 1337 8.72
1790887637 1350 8.96
1790887647 1343 9.86
1790887657 1350 9.04
1790887667 1337 9.75
1790887677 1325 9.11
1790887686 1350 8.25
1790887696 1350 7.44
1790887706 1350 6.83
1790887717 1350 6.54
1790887727 1312 6.15
1790887737 1350 5.82
1790887747 1350 7.16
1790887757 1350 9.50
1790887767 1350 8.90
1790887777 1350 9.15
1790887787 1350 8.20
1790887797 1350 7.48
1790887807 1343 7.24
1790887817 1325 6.91
1790887827 1350 6.31
1790887837 1350 7.32
1790887847 1350 6.97
1790887857 1350 6.58
1790887867 1350 6.03
1790887877 1343 6.81
1790887887 1350 6.31
1790887897 1343 7.89
1790887907 1325 7.68
1790887917 1343 6.96
1790887927 1343 6.35
1790887937 1331 6.43
1790887947 1318 7.62
1790887957 1325 9.59
1790887967 1350 9.94
1790887977 1325 9.11
1790887987 1350 9.28
1790887997 1350 9.51
1790888007 1350 8.98
1790888017 1337 8.22
1790888027 1337 7.94
1790888037 1350 7.55
1790888047 1350 7.09
1790888057 1343 8.75
1790888067 1343 9.22
1790888077 1331 9.15
1790888087 1337 8.35
1790888097 800 8.64
1790888107 1350 8.01
1790888117 1350 7.96
1790888127 1350 9.68
1790888137 1350 9.32
1790888147 1350 10.97
1790888157 1350 11.02
1790888167 1350 10.19
1790888177 800 10.35
