00:18:27 1350 1350 1350  800
00:18:48 1350 1350 1350  800
00:19:09 1350 1350 1350  800
00:19:29 1350 1350 1350  800
00:19:50 1350 1350 1350  800
00:20:10 1350 1350 1350  800
00:20:31 1350 1350 1350  800
00:20:51 1350 1350 1350  800
00:21:12 1350 1350 1350  800
00:21:32 1350 1350 1350  800
00:21:53 1350 1350 1350  800
00:22:13 1350 1350 1350  800
00:22:34 1350 1350 1350  800
00:22:55 1350 1350 1350  800
00:23:16 1350 1350 1350  800
00:23:36 1350 1350 1350  800
00:23:57 1350 1350 1350  800
00:24:17 1350 1350 1350  800
00:24:38 1350 1350 1350  800
00:24:58 1350 1350 1350  800
00:25:19 1350 1350 1350  800
00:25:40 1350 1350 1350  800
00:26:00 1350 1350 1350  800
00:26:20 1350 1350 1350  800
00:26:41 1350 1350 1350  800
00:27:01 1350 1350 1350  800
00:27:22 1350 1350 1350  800
00:27:42 1350 1350 1350  800
00:28:03 1350 1350 1350  800
00:28:23 1350 1350 1350  800
00:28:44 1350 1350 1350  800
00:29:04 1350 1350 1350  800
00:29:25 1350 1350 1350  800
00:29:45  800 1350 1350  800
00:30:06 1350 1350 1350  800
00:30:26 1350 1350 1350  800
00:30:47 1350 1350 1350  800
00:31:07 1350 1350 1350  800
00:31:28 1350 1350 1350  800
00:31:48 1350 1350 1350  800
00:32:09 1350 1350 1350  800
00:32:30 1350 1350 1350  800
00:32:50 1350 1350 1350  800
00:33:10 1350 1350 1350  800
00:33:31 1350 1350 1350  800
00:33:51 1350 1350 1350  800
00:34:12 1350 1350 1350  800
00:34:32 1350 1350 1350  800
00:34:53 1350 1350 1350  800
00:35:13 1350 1350 1350  800
00:35:33 1350 1350 1350  800
00:35:54 1350 1350 1350  800
00:36:14 1350 1350 1350  800
00:36:35 1350 1350 1350  800
00:36:55  800 1350 1350  800
00:37:16 1350 1350 1350  800
00:37:37 1350  800 1350  800
00:37:57 1350  800 1350  800
00:38:18 1350  800 1350  800
00:38:38 1350  800 1350  800
00:38:59 1350  800 1350  800
00:39:19 1350  800 1350  800
00:39:40 1350  800  800  800
00:40:01 1350  800  800  800
00:40:21 1350  800  800  800
00:40:42 1350  800  800  800
00:41:03 1350  800  800  800
00:41:24 1350  800  800  800
00:41:44 1350  800  800  800
00:42:05 1350  800  800  800
00:42:26 1350  800  800  800
00:42:47 1350  800 1350  800
00:43:08  800  800  800  800
00:43:28 1350  800  800  800
00:43:49 1350  800  800  800
00:44:09 1350  800  800  800
00:44:30 1350  800  800  800
00:44:50 1350  800  800  800
00:45:11 1350  800  800  800
00:45:32 1350  800  800  800
00:45:53 1350  800  800  800
00:46:13 1350  800 1350  800
00:46:34 1350  800 1350  800
00:46:54 1350  800  800  800
00:47:15 1350  800  800  800
00:47:36 1350  800  800  800
00:47:56 1350  800  800  800
00:48:17 1350  800  800  800
00:48:37 1350  800  800  800
00:48:58 1350  800  800  800
00:49:19  800  800  800  800
00:49:39 1350  800  800  800
00:50:00 1350  800 1350  800
00:50:21 1350  800  800  800
00:50:41 1350  800  800  800
00:51:02 1350  800  800  800
00:51:22 1350  800  800  800
00:51:43 1350  800  800  800
00:52:04 1350  800  800  800
00:52:24 1350 1350  800  800
00:52:44 1350 1350  800  800
00:53:05 1350 1350  800  800
00:53:26 1350  800  800  800
00:53:47 1350  800  800  800
00:54:07 1350  800  800  800
00:54:28 1350  800  800  800
00:54:49 1350  800  800  800
00:55:10 1350  800  800  800
00:55:30  800  800  800  800
00:55:51 1350  800  800  800
00:56:12 1350  800  800  800
00:56:32 1350  800  800  800
00:56:53 1350  800  800  800
00:57:13 1350  800  800  800
00:57:35 1350  800  800  800
00:57:55 1350  800  800  800
00:58:15 1350  800  800  800
00:58:36 1350  800  800  800
00:58:57 1350  800  800  800
00:59:17 1350  800  800  800
00:59:38 1350  800  800  800
00:59:58 1350  800  800  800
01:00:19 1350  800  800  800
01:00:40 1350  800  800  800
01:01:00 1350  800  800  800
01:01:21 1350 1350 1350 1350
01:01:42  800  800  800  800
01:02:03  800  800  800  800
01:02:24  800  800  800  800
01:02:45  800  800  800  800
01:03:06  800  800  800  800
