1790668316 800
1790668317 800
1790668318 800
1790668319 800
1790668320 800
1790668321 1350
1790668322 1350
1790668323 1350
1790668324 1350
1790668325 1350
1790668326 1350
1790668327 1350
1790668328 1350
1790668329 1350
1790668330 1350
1790668331 1337
1790668332 1337
1790668333 1343
1790668334 1350
1790668335 1350
1790668336 1350
1790668337 800
1790668338 800
1790668339 800
1790668340 800
1790668341 1350
1790668342 1350
1790668343 1350
1790668344 1350
1790668345 1337
1790668346 1350
1790668347 1350
1790668348 1306
1790668349 1318
1790668350 1350
1790668351 1350
1790668352 1325
1790668353 1350
1790668354 1350
1790668355 1331
1790668356 1343
1790668357 1350
1790668358 1350
1790668359 1343
1790668360 1318
1790668361 1350
1790668362 1350
1790668363 800
1790668364 800
