1790863870 800 7.81
1790863872 800 7.81
1790863874 800 8.78
1790863876 1350 8.78
1790863878 1350 8.78
1790863880 1343 8.40
1790863882 1350 8.40
1790863884 1325 8.05
1790863886 1350 8.05
1790863888 1350 8.05
1790863890 1350 7.72
1790863892 1350 7.72
1790863894 1350 8.87
1790863896 1350 8.87
1790863898 1350 8.87
1790863900 1350 8.56
1790863902 1350 8.56
1790863904 1350 8.83
1790863906 1350 8.83
1790863908 1350 8.83
1790863910 1343 9.17
1790863912 1350 9.17
1790863914 1350 8.75
1790863916 1350 8.75
1790863918 1350 8.75
1790863920 1350 8.69
1790863922 1350 8.69
1790863924 1343 8.40
1790863926 1337 8.40
1790863928 1350 8.40
1790863930 1331 8.36
1790863932 1350 8.36
1790863934 1350 8.10
1790863936 1343 8.10
1790863938 1350 8.10
1790863940 1343 8.01
1790863942 1343 8.01
1790863944 1350 7.77
1790863946 1350 7.77
1790863948 1350 7.77
1790863950 1343 7.46
1790863952 1350 7.46
1790863954 1325 7.51
1790863956 1350 7.51
1790863958 1337 7.51
1790863960 1350 8.59
1790863962 1350 8.59
1790863964 1331 9.90
1790863966 1350 9.90
1790863968 1331 9.90
1790863970 1350 10.63
1790863972 1350 10.63
1790863974 1350 10.58
1790863976 1350 10.58
1790863978 1350 10.58
1790863980 1337 10.13
1790863982 1337 10.13
1790863984 1343 9.96
1790863986 1343 9.96
1790863988 1350 9.96
1790863990 1337 11.57
1790863992 1350 11.57
1790863994 1350 11.84
1790863996 1350 11.84
1790863998 1350 11.84
1790864000 1350 12.34
1790864002 1343 12.34
1790864004 1350 12.95
1790864006 1325 12.95
1790864008 1337 12.95
1790864010 1350 12.87
1790864012 1343 12.87
1790864014 1350 14.24
1790864016 1325 14.24
1790864018 1350 14.24
1790864020 1343 14.95
1790864022 1350 14.95
1790864024 1325 14.31
1790864026 1350 14.31
1790864028 1350 14.31
1790864030 800 14.44
1790864032 800 14.44
1790864034 800 15.61
1790864037 800 15.61
1790864039 1350 15.61
1790864041 1350 14.68
1790864043 1350 14.68
1790864045 1350 13.83
1790864047 1343 13.83
1790864049 1350 13.83
1790864051 1350 13.12
1790864053 1350 13.12
1790864055 1350 12.39
1790864057 1350 12.39
1790864059 1350 12.39
1790864061 1350 11.72
1790864063 1350 11.72
1790864065 1350 11.10
1790864067 1350 11.10
1790864069 1350 11.10
1790864071 1350 10.53
1790864073 1343 10.53
1790864075 1350 12.25
1790864077 1350 12.25
1790864079 1350 12.25
1790864081 1350 12.07
1790864083 1350 12.07
1790864085 1350 13.10
1790864087 1350 13.10
1790864089 1325 13.10
1790864091 1343 13.18
1790864093 1350 13.18
1790864095 1350 12.44
1790864097 1343 12.44
1790864099 1337 12.44
1790864101 1350 13.85
1790864103 1350 13.85
1790864105 1343 14.18
1790864107 1350 14.18
1790864109 1350 14.18
1790864111 1350 14.25
1790864113 1350 14.25
1790864115 1343 14.63
1790864117 1343 14.63
1790864119 1350 14.63
1790864121 1337 13.94
1790864123 1350 13.94
1790864125 1350 14.02
1790864127 1350 14.02
1790864129 1337 13.54
1790864131 1343 13.54
1790864133 1350 13.54
1790864135 1331 12.93
1790864137 1350 12.93
1790864139 1350 13.58
1790864141 1350 13.58
1790864143 1350 13.58
1790864145 1350 13.77
1790864147 1350 13.77
1790864149 1318 12.99
1790864151 1337 12.99
1790864153 1350 12.99
1790864155 1331 12.67
1790864157 1325 12.67
1790864159 1350 13.26
1790864161 1350 13.26
1790864163 1350 13.26
1790864165 1350 13.08
1790864167 1350 13.08
1790864169 1350 13.55
1790864171 1350 13.55
1790864173 1350 13.55
1790864175 1350 13.67
1790864177 1350 13.67
1790864179 1350 14.26
1790864181 1343 14.26
1790864183 1350 14.26
1790864185 1350 14.72
1790864187 1350 14.72
1790864189 800 14.82
1790864191 800 14.82
1790864193 800 14.82
1790864195 1350 13.95
1790864197 1350 13.95
1790864199 1350 14.52
1790864201 1350 14.52
1790864203 1350 14.52
1790864205 1325 13.75
1790864207 1350 13.75
1790864209 1350 12.97
1790864211 1350 12.97
1790864213 1343 12.97
1790864215 1350 12.25
1790864217 1350 12.25
1790864219 1350 11.59
1790864221 1350 11.59
1790864223 1350 11.59
1790864225 1343 11.23
1790864227 1350 11.23
1790864229 1350 10.65
1790864231 1350 10.65
1790864233 1350 10.65
1790864235 1343 10.76
1790864237 1350 10.76
1790864239 1350 12.14
1790864241 1343 12.14
1790864243 1350 12.14
1790864245 1312 13.49
1790864247 1350 13.49
1790864249 1350 12.89
1790864251 1350 12.89
1790864253 1350 12.89
1790864255 1350 12.18
1790864257 1350 12.18
1790864259 1350 11.60
1790864261 1350 11.60
1790864263 1350 11.60
1790864265 1350 11.23
1790864267 1343 11.23
1790864269 1350 10.73
1790864271 1337 10.73
1790864273 1343 10.73
1790864275 1350 10.27
1790864277 1350 10.27
1790864279 1350 9.85
1790864281 1337 9.85
1790864283 1350 9.85
1790864285 1350 9.46
1790864287 1350 9.46
1790864289 1318 9.99
1790864291 1350 9.99
1790864293 1318 9.99
1790864295 1350 10.71
1790864297 1350 10.71
1790864299 1325 10.17
1790864301 1343 10.17
1790864303 1350 10.17
1790864305 1350 9.68
1790864307 1350 9.68
1790864309 1350 10.66
1790864311 1343 10.66
1790864313 1343 10.66
1790864315 1350 11.33
1790864317 1306 11.33
1790864319 1350 14.11
1790864321 1350 14.11
1790864323 1343 14.11
1790864325 1350 15.38
1790864327 1350 15.38
1790864329 1350 14.55
1790864331 1343 14.55
1790864333 1350 14.55
1790864335 1350 13.86
1790864338 1318 13.86
1790864340 1343 13.47
1790864342 1350 13.47
1790864344 1350 13.47
1790864346 800 13.04
1790864348 800 13.04
1790864350 800 12.31
1790864352 1350 12.31
1790864354 1350 12.31
1790864356 1350 11.65
1790864358 1350 11.65
1790864360 1350 12.24
1790864362 1350 12.24
1790864364 1350 12.24
1790864366 1350 11.58
1790864368 1350 11.58
1790864370 1350 10.97
1790864372 1343 10.97
1790864374 1350 10.97
1790864376 1337 10.41
1790864378 1350 10.41
1790864380 1350 10.30
1790864382 1350 10.30
1790864384 1350 10.30
1790864386 1343 10.27
1790864388 1350 10.27
1790864390 1350 10.49
1790864392 1350 10.49
1790864394 1350 10.49
1790864396 1343 10.37
1790864398 1350 10.37
1790864400 1350 9.94
1790864402 1343 9.94
1790864404 1350 9.94
1790864406 1350 9.47
1790864408 1318 9.47
1790864410 1350 9.27
1790864412 1350 9.27
1790864414 1325 9.27
1790864416 1343 8.85
1790864418 1350 8.85
1790864420 1350 8.70
1790864422 1350 8.70
1790864424 1350 8.70
1790864426 1343 8.40
1790864428 1343 8.40
1790864430 1350 9.25
1790864432 1350 9.25
1790864434 1350 9.23
1790864436 1350 9.23
1790864438 1350 9.23
1790864440 1343 9.13
1790864442 1350 9.13
1790864444 1350 9.04
1790864446 1343 9.04
1790864448 1350 9.04
1790864450 1350 9.68
1790864452 1350 9.68
1790864454 1343 10.67
1790864456 1350 10.67
1790864458 1350 10.67
1790864460 1331 10.13
1790864462 1343 10.13
1790864464 1350 11.08
1790864466 1287 11.08
1790864468 1331 11.08
1790864470 1350 11.64
1790864472 1343 11.64
1790864474 1350 11.10
1790864476 1350 11.10
1790864478 1350 11.10
1790864480 1331 13.34
1790864482 1350 13.34
1790864484 1350 12.59
1790864486 1350 12.59
1790864488 1350 12.59
1790864490 1350 12.46
1790864492 1331 12.46
1790864494 1350 11.95
1790864496 1350 11.95
1790864498 1350 11.95
1790864500 1350 11.71
1790864502 800 11.71
1790864504 800 12.45
1790864506 800 12.45
1790864508 1350 12.45
1790864510 1350 12.26
1790864512 1350 12.26
1790864514 1350 11.67
1790864516 1350 11.67
1790864518 1350 11.67
1790864520 1350 12.34
1790864522 1350 12.34
1790864524 1350 11.83
1790864526 1350 11.83
1790864528 1350 11.83
1790864530 1350 11.29
1790864532 1350 11.29
1790864534 1343 10.70
1790864536 1350 10.70
1790864538 1350 10.70
1790864540 1350 10.65
1790864542 1350 10.65
1790864544 1350 10.35
1790864546 1350 10.35
1790864548 1350 10.35
1790864550 1325 10.16
1790864552 1350 10.16
1790864554 1350 9.75
1790864556 1350 9.75
1790864558 1337 9.75
1790864560 1337 9.37
1790864562 1343 9.37
1790864564 1350 8.94
1790864566 1350 8.94
1790864568 1350 8.94
1790864570 1350 9.75
1790864572 1350 9.75
1790864574 1350 9.29
1790864576 1325 9.29
1790864578 1350 9.29
1790864580 1350 10.22
1790864582 1343 10.22
1790864584 1337 9.72
1790864586 1350 9.72
1790864588 1350 9.72
1790864590 1350 9.83
1790864592 1350 9.83
1790864594 1350 9.60
1790864596 1331 9.60
1790864598 1350 9.60
1790864600 1343 10.99
1790864602 1337 10.99
1790864604 1350 11.00
1790864606 1350 11.00
1790864608 1350 11.00
1790864610 1343 10.51
1790864612 1331 10.51
1790864614 1337 9.99
1790864616 1337 9.99
1790864618 1350 9.99
1790864620 1350 9.59
1790864622 1306 9.59
1790864625 1331 10.35
1790864627 1350 10.35
1790864629 1312 10.35
1790864631 1350 9.84
1790864633 1325 9.84
1790864635 1350 9.45
1790864637 1343 9.45
1790864639 1343 9.45
1790864641 1350 10.22
1790864643 1337 10.22
1790864645 1350 9.80
1790864647 1350 9.80
1790864649 1350 9.80
1790864651 1350 11.34
1790864653 1343 11.34
1790864655 1350 13.07
1790864657 1343 13.07
1790864659 1343 13.07
1790864661 1350 12.74
1790864663 800 12.74
1790864665 800 12.20
1790864667 800 12.20
1790864669 800 12.20
1790864671 1350 11.55
1790864673 1350 11.55
1790864675 1350 11.34
1790864677 1350 11.34
1790864679 1350 11.34
1790864681 1350 11.88
1790864683 1343 11.88
1790864685 1350 11.24
1790864687 1350 11.24
1790864689 1350 11.24
1790864691 1350 10.90
1790864693 1350 10.90
1790864695 1350 11.55
1790864697 1343 11.55
1790864699 1350 11.55
1790864701 1350 10.95
1790864703 1350 10.95
1790864705 1350 11.51
1790864707 1350 11.51
1790864709 1350 11.23
1790864711 1343 11.23
1790864713 1350 11.23
1790864715 1350 11.85
1790864717 1350 11.85
1790864719 1343 12.91
1790864721 1337 12.91
1790864723 1350 12.91
1790864725 1337 12.19
1790864727 1350 12.19
1790864729 1350 12.82
1790864731 1343 12.82
1790864733 1350 12.82
1790864735 1350 12.43
1790864737 1331 12.43
1790864739 1350 11.68
1790864741 1350 11.68
1790864743 1337 11.68
1790864745 1350 11.06
1790864747 1343 11.06
1790864749 1337 10.42
1790864751 1350 10.42
1790864753 1350 10.42
1790864755 1350 9.82
1790864757 1350 9.82
1790864759 1331 9.60
1790864761 1350 9.60
1790864763 1343 9.60
1790864765 1350 9.15
1790864767 1331 9.15
1790864769 1350 9.14
1790864771 1350 9.14
1790864773 1343 9.14
1790864775 1350 8.72
1790864777 1350 8.72
1790864779 1343 8.83
1790864781 1350 8.83
1790864783 1350 8.83
1790864785 1350 8.36
1790864787 1331 8.36
1790864789 1350 8.01
1790864791 1343 8.01
1790864793 1318 8.01
1790864795 1343 9.21
1790864797 1350 9.21
1790864799 1343 9.75
1790864801 1337 9.75
1790864803 1350 9.75
1790864805 1343 9.21
1790864807 1350 9.21
1790864809 1350 8.80
1790864811 1350 8.80
1790864813 1343 8.80
1790864815 1350 9.53
1790864817 800 9.53
